-9.365158621221781e-05,-0.0025361806619912386,-0.0012361487606540322,4.190320396446623e-05,-0.0007996235508471727,0.00014076282968744636,0.0004963615210726857,-0.00020540934929158539,0.0016271733911707997,-0.0020005672704428434,-0.00353240012191236,0.0017820700304582715,0.002773837186396122,0.00020257603318896145,0.00030442842398770154,-0.001016372349113226,0.0015386053128167987,0.0009311483008787036,-0.0013142053503543139,0.00046877091517671943,-0.00044289848301559687,-0.00027553862310014665,-0.0008216847199946642,0.000301782856695354,0.000611250230576843,-0.0013280580751597881,-0.0007799820741638541,0.0014236550778150558,0.0016275487141683698,7.434521830873564e-05,0.00027866580057889223,-0.0007558936486020684,0.0017897223588079214,-0.0010872532147914171,-0.0003239872748963535,0.0019127215491607785,0.001104865805245936,0.002199987880885601,0.0006124894716776907,-0.0009766980074346066,-0.0002747576218098402,0.0005230788374319673,0.0024872561916708946,-0.0008848046418279409,0.0017668027430772781,0.0017293404089286923,0.001875119749456644,-0.0018595802830532193,-0.00018106508650816977,0.00012700549268629402,0.00032363436184823513,-0.0013590597081929445,-0.0008120451238937676,0.00030415350920520723,0.0019291125936433673,0.0004824271018151194,0.001268136315047741,0.0019480966730043292,-0.0001243721490027383,-0.002051856368780136,-0.0020985875744372606,0.0008040948305279016,-0.0004138628428336233,-0.00011128559708595276,-0.0004458686162251979,-0.0002574106038082391,-0.0018678685883060098,-0.0006077444413676858,-0.0024074488319456577,-0.0009100938914343715,0.003627616912126541,0.0016291161300614476,0.0002330940042156726,-0.0003854230453725904,-0.0009554361458867788,-0.0007186710136011243,0.0018116426654160023,-0.0019266108283773065,-0.0008633696706965566,0.0013589949812740088,0.0009191760327666998,-0.0015115728601813316,-1.8530990928411484e-05,0.0007016508025117218,-0.0018395102815702558,-0.0004406167718116194,-0.002179850824177265,0.00025754852686077356,-0.0003184812667313963,-0.0013855218421667814,-0.0022162727545946836,0.0013409086968749762,0.0007637758390046656,0.00039891767664812505,-0.0020961612462997437,0.003803566098213196,0.0005034451023675501,0.0024062038864940405,-0.0016502207145094872,0.00026089834864251316
-0.0027365535497665405,-0.0005701130139641464,-0.00034655333729460835,0.001200590981170535,-0.0004552224709186703,-0.00038490467704832554,-0.0019310131901875138,1.9016768419533037e-05,0.0027403398416936398,0.00230969930998981,-0.0007388819358311594,0.0021240226924419403,0.0018011234933510423,-0.00366075336933136,0.0028493013232946396,0.00016674557991791517,0.0007082544034346938,6.391201168298721e-06,-0.002988191554322839,-0.0003169214469380677,2.3659318685531616e-05,0.0005965712480247021,-0.0027510395739227533,-0.004126520361751318,-0.003281882032752037,-0.00145167694427073,0.00019672485359478742,0.0015644535887986422,0.001053514308296144,-0.0016060646157711744,-0.00016112966113723814,-0.0009538743761368096,0.0019994217436760664,-0.0002745823876466602,0.0006439151475206017,-0.000698263116646558,-0.001479873200878501,0.00010121120430994779,-0.0011258209124207497,0.0017353498842567205,-0.000120560682262294,0.0006084863562136889,0.0028872445691376925,0.0003708644362632185,0.002139780204743147,-0.0014036953216418624,-0.0014441125094890594,-0.00031620427034795284,-0.002645915374159813,-0.001888552331365645,-0.001184922643005848,0.00013431596744339913,0.0026249804068356752,0.0023860596120357513,-0.0012975367717444897,0.0012430459028109908,-0.0008598060230724514,0.0008486785227432847,-0.002494018990546465,0.0031843192409723997,0.0011742545757442713,0.0012554675340652466,-0.0003311647451482713,0.0025120433419942856,0.002021488733589649,0.0012773328926414251,0.000869803479872644,-0.001469451584853232,-6.0155765822855756e-05,-0.0024507080670446157,-0.002848843578249216,-0.001186128007248044,-0.0011562922736629844,0.002885457593947649,-0.0023048913571983576,-0.0020256931893527508,0.0008591071818955243,0.0008302218047901988,0.0009100096067413688,-0.0009228935232385993,-0.002340038074180484,0.0014258153969421983,-0.0003641757066361606,0.0020099375396966934,0.0019129866268485785,-0.0003886126505676657,0.001231301692314446,0.00025648740120232105,-8.273245475720614e-05,0.0011189270298928022,0.0020241092424839735,0.0018900405848398805,0.0025220047682523727,0.0007602309924550354,0.0006992056732997298,-0.002148647326976061,0.001384001225233078,0.00206244015134871,0.0012525006895884871,-0.003212080104276538
0.0020511953625828028,0.0009321477846242487,0.0005867674481123686,-0.0012088726507499814,-0.00048160014557652175,0.0010544355027377605,0.0013703258009627461,4.961995728081092e-05,0.0002883146808017045,-0.0013927762629464269,0.000641537131741643,0.0017413942841812968,-0.0008963724249042571,0.000811775797046721,0.0008480350952595472,0.0024670937564224005,-0.0005475477082654834,0.0006838526460342109,-0.0012205044040456414,-0.001186832902021706,0.00023837854678276926,0.00010764652688521892,-0.0022791200317442417,0.0003427957999520004,-0.002075173193588853,0.0001370460377074778,-0.0021346567664295435,-0.0002757642650976777,0.001970598241314292,-0.001183961983770132,0.0008476767688989639,0.0005163136520422995,-0.0007917310576885939,0.0028993142768740654,0.00021727493731305003,-0.0006368363392539322,0.001785753178410232,-0.0006727997679263353,-0.0017755769658833742,0.0003975190920755267,-0.00040437805000692606,0.0025557223707437515,0.0005264845676720142,-0.000904593791346997,-6.551606929861009e-05,-0.0007458679028786719,0.00011737569730030373,-0.0017767648678272963,-0.0007065609679557383,-0.0010483493097126484,0.0012082040775567293,0.000902295985724777,8.451724715996534e-05,0.0007674150401726365,0.0014051214093342423,-0.00146485713776201,-0.0007629973697476089,-0.002959435572847724,0.0013113250024616718,0.0016996480990201235,-0.002009220188483596,-0.0003203687956556678,0.0006283921538852155,0.00124194601085037,0.001738088671118021,0.0014932905323803425,-0.0012774962233379483,0.00037517372402362525,0.002366468543186784,-6.668842979706824e-05,-0.0001366959186270833,5.7476489018881693e-05,0.0006890667718835175,0.00040354489465244114,-0.001941267866641283,0.0014201528392732143,6.65590850985609e-05,0.00020640893490053713,-0.0013018680037930608,0.0013178937369957566,-0.00018642196664586663,0.0008493944769725204,0.0016007203375920653,0.0030937709379941225,-0.0007442135829478502,0.00018988661759067327,0.001953509170562029,0.0002574247482698411,-0.0005236282595433295,-0.0006508990772999823,0.0015133782289922237,0.00020958298409823328,-0.0005083929281681776,-8.339066698681563e-05,-0.0011891816975548863,0.0012546753278002143,0.0006825221935287118,-1.9313978555146605e-05,-0.001404011738486588,-0.0004592622572090477
0.0015935358824208379,0.00015767166041769087,6.471676169894636e-05,0.0001645128068048507,0.0016829818487167358,-0.0006436323747038841,-0.0002501917479094118,-0.0016562602249905467,0.00030914132366888225,-0.0016796146519482136,0.001123592839576304,6.19393540546298e-05,0.0009886372135952115,0.00017939586541615427,0.0026570111513137817,0.0005012314068153501,0.0006174128502607346,0.0016153139295056462,-0.0012678300263360143,0.0005530188209377229,-7.699446723563597e-05,0.0013385977363213897,-0.0005718123866245151,-0.000346307730069384,3.085237767663784e-05,-0.001025076606310904,-0.0004944357788190246,-0.0020018762443214655,-7.256293883983744e-06,-0.00021473984816111624,-0.00032272477983497083,0.00046163375372998416,-0.0012904814211651683,6.145458883111132e-06,-0.0007296707481145859,-0.00103455048520118,0.0011519092367962003,0.0015334185445681214,-0.0009332194458693266,-8.543911098968238e-05,0.0008933926583267748,-0.0009914976544678211,-0.0007824316853657365,0.0010506745893508196,-0.0003368346660863608,0.0005048317834734917,0.001956004649400711,0.003418184584006667,0.0007247051107697189,0.0016562518430873752,-0.0007833386189304292,-0.0010458012111485004,-0.0006175849121063948,-0.001910467748530209,-0.0009476288687437773,0.0003664800024125725,-0.0015323900151997805,0.00047948432620614767,4.676225580624305e-05,0.002339390804991126,0.0024828361347317696,0.0008813778404146433,-0.0009408900514245033,-0.001215175841934979,-0.0013660327531397343,-0.00024213366850744933,0.0012762917904183269,-0.0007938433554954827,8.322658686665818e-06,-0.0005024999263696373,-7.810496754245833e-05,0.0007861336343921721,0.0007427060627378523,0.0012957453727722168,0.0020987100433558226,-0.0008573942468501627,-0.00028850158560089767,-9.729389421408996e-05,-0.0006455148104578257,0.0025456110015511513,0.0004413098795339465,-0.0012460463913157582,-0.0006459635915234685,0.00012561408220790327,-0.00016788332141004503,-0.0010228281607851386,0.00017061061225831509,0.0008018818334676325,0.0016061401693150401,0.001356925698928535,0.00010806440695887432,0.0001249303895747289,0.001312779146246612,6.80745579302311e-05,0.0013969212304800749,0.0005257399170659482,5.436714127426967e-05,0.0005207013455219567,0.0017572775250300765,0.002130763605237007
-0.0005701407790184021,0.002358917146921158,0.0002968530752696097,0.0005341882351785898,-0.0012454944662749767,0.0003357455716468394,-0.00016858622257132083,-0.00033362337853759527,0.00032636415562592447,0.0017700050957500935,-6.387708708643913e-05,-0.0002917138044722378,0.0012726914137601852,-0.0010290475329384208,-0.00012281214003451169,0.003221086924895644,-0.0014072384219616652,-0.0007449588156305254,-0.0005489528994075954,-0.0008336042519658804,-0.002156379632651806,-0.0027142243925482035,0.0012123103952035308,-0.0008800129871815443,0.002709842287003994,-0.0013088540872558951,0.0003897935675922781,-0.0011439472436904907,0.0005731763085350394,0.0025087709072977304,0.002393124159425497,1.3760058209300041e-05,0.00023120774130802602,-0.0009715434862300754,0.001630506943911314,0.0006548753008246422,-0.0014562405413016677,-0.0006035321857780218,0.00028311077039688826,-0.0010978978825733066,-0.0013487578835338354,-0.0009736744686961174,-0.0015160130569711328,-0.0011835069162771106,-0.0007372929831035435,-0.0023032885510474443,0.00040745423757471144,6.27199697191827e-05,-0.00046548841055482626,-0.0011857172939926386,0.001851447974331677,0.0027772458270192146,0.0005360954673960805,-0.002420778153464198,0.0015381620032712817,-0.0002849159063771367,0.001428248593583703,0.0009460997534915805,0.0014170294161885977,0.0007890831329859793,3.09269453282468e-05,-0.0011528178583830595,2.407277497695759e-05,-0.0022965786047279835,0.0005243891500867903,-0.0006320949760265648,-0.0006231500301510096,-0.0012331076432019472,-0.002350663533434272,0.0004536706255748868,0.0015756888315081596,0.0014094733633100986,-0.0023520977701991796,-0.0007241771090775728,0.0028050930704921484,0.001400396809913218,0.0012495174305513501,0.001530976383946836,-0.002061558188870549,0.0008193773683160543,-0.0013526336988434196,0.0016684673028066754,0.0011998701374977827,8.907735900720581e-05,0.00039918679976835847,-0.001719340099953115,0.0010118917562067509,0.0011178768472746015,1.6278199836960994e-05,0.001792716677300632,-0.0007061694632284343,0.000888918642885983,-0.00044389854883775115,7.491809810744599e-05,-0.0007020517368800938,0.0009610315319150686,0.001577453687787056,0.00018379447283223271,-0.0006487852078862488,0.0005722805508412421
0.000515652762260288,3.8005640817573294e-05,0.00024879875127226114,-0.000412329682148993,-8.04244882601779e-06,0.002787961857393384,0.0002378959470661357,-0.0011866926215589046,-0.0008837289642542601,0.000735165027435869,-0.0007288235356099904,-0.00176607770845294,4.4652741053141654e-05,-0.0006877070991322398,0.001331038074567914,-0.0013944157399237156,0.001345901284366846,0.0018099916633218527,0.001042221556417644,-0.0017019757069647312,0.0011608593631535769,-0.0005338653572835028,-0.0005319702904671431,0.0005897436058148742,0.0020098527893424034,-0.0009007060434669256,-0.0009544392232783139,4.238521432853304e-05,-0.0015136589063331485,-0.001080940943211317,0.0004754222754854709,-0.0007666838355362415,0.0003608250408433378,0.0011530396295711398,-0.0004230608174111694,0.0011913878843188286,0.0006456243572756648,-0.0012116547441110015,-0.0009985388023778796,-0.0033949678763747215,-0.00018097383144777268,-0.0005877077928744256,0.001460059080272913,-0.00031314665102399886,0.0001802339102141559,-0.00041135938954539597,0.0007036371971480548,0.0009843646548688412,-0.0005446390714496374,-0.0017147058388218284,-0.000237252505030483,0.000639051606412977,0.00212669069878757,0.0026424373500049114,-0.0007369648665189743,0.0006513481494039297,-0.002872185781598091,0.0010908790864050388,-0.001809366513043642,0.0011537601239979267,-5.7903194829123095e-05,0.0011021146783605218,0.000601127976551652,0.001153802964836359,0.002687591128051281,-0.0007916335598565638,-0.0011764420196413994,-0.001245383289642632,0.0009470596560277045,0.0015920193400233984,-0.0025072835851460695,-0.0016315364046022296,0.00107967562507838,-0.0005707989912480116,-0.0007123982068151236,0.0011533484794199467,0.0013318968703970313,0.0009736879146657884,-0.0006325728609226644,0.0006769829196855426,0.0016214108327403665,-0.00024669923004694283,-0.00019268033793196082,-0.0006569529068656266,0.0006456452538259327,-0.00010307994671165943,-0.0008816391928121448,-9.183437214232981e-05,-0.0016490647103637457,0.001759540755301714,-0.0012648358242586255,-0.0008031131001189351,0.0013069952838122845,-0.0009205552632920444,0.0018465479370206594,0.0001955394836841151,-0.00038876995677128434,-0.0007747662020847201,0.0022784771863371134,0.0018120850436389446
-0.001312370179221034,-0.0015285692643374205,0.003125792136415839,0.0003790478513110429,0.00299385329708457,-0.0015208409167826176,-0.00033007693127729,0.00041599536780267954,0.0015774647472426295,0.000983998877927661,0.0009491059463471174,0.00048357032937929034,-0.002813369734212756,-0.0023602498695254326,0.0004277061962056905,-0.0013084313832223415,0.00149065803270787,-0.00041565560968592763,0.0018330776365473866,-0.00024349965678993613,0.000644071726128459,-0.0008788874256424606,0.001111833960749209,-0.0010620071552693844,0.002888564020395279,5.537070319405757e-05,-0.0006339673418551683,-0.0022566411644220352,0.0016036402666941285,-0.0006610824493691325,2.4424971343250945e-05,0.000771067279856652,-0.001314722467213869,0.0012965640053153038,0.0023227122146636248,-0.002239701570942998,0.003722273511812091,-0.0005695038707926869,-0.00016734479868318886,-0.0001985371927730739,0.0017923194682225585,0.0008591000223532319,0.00013909734843764454,0.0011273255804553628,-0.0007753230165690184,-0.0018085241317749023,0.0014598871348425746,0.001499747741036117,-0.0001601882540853694,0.0014903855044394732,-2.6980584152624942e-05,-0.00027249904815107584,-0.002878593048080802,0.001146324211731553,0.00046349267358891666,-7.550056761829183e-05,-0.00044768108637072146,0.00258030672557652,0.0020218088757246733,-0.0005364131066016853,0.00018058967543765903,-0.0014231748646125197,0.001480426755733788,0.00024178717285394669,-0.0009486337658017874,0.0008767605177126825,-0.0024186251685023308,0.0002774677996058017,-6.9017141868243925e-06,-0.0007201336557045579,0.0005869233864359558,0.0007439801702275872,0.0006781886913813651,-0.0005237074801698327,-0.0016197427175939083,0.0011194337857887149,-0.001632144208997488,0.002183798234909773,0.00013773584214504808,-0.002810973674058914,0.0006639346247538924,-0.00051405857084319,0.0003717324580065906,0.000583308341447264,0.00032890381407923996,2.6505229470785707e-05,0.00010955202742479742,0.0003594928712118417,0.0023255455307662487,0.0005426558200269938,-0.001259275944903493,-0.0019194167107343674,-0.0024269225541502237,0.0007882844074629247,-0.0003912268439307809,-0.0012134352000430226,-1.0564352123765275e-05,-0.002119592158123851,-0.0012102901237085462,0.00046346805174835026
-0.0008895403589121997,-0.0004253737279213965,-0.0007274156669154763,-0.00037399973371066153,-6.0492959164548665e-05,-0.001653577433899045,-0.0017308351816609502,2.5737283067428507e-05,0.0017548168543726206,0.00039622027543373406,-0.0004339492879807949,0.0008965259185060859,0.0020776467863470316,0.001052768318913877,0.00027587139629758894,-0.0006680657970719039,0.0023273013066500425,-0.002194404834881425,0.0011029483284801245,0.004407643806189299,0.00279438984580338,0.0008434398914687335,0.00313018262386322,0.0011811688309535384,-3.4560947824502364e-05,0.0010309993522241712,-0.0006472834502346814,0.004026444163173437,0.0002916030935011804,-0.00038315082201734185,0.001271819812245667,0.002158090239390731,-0.0006588288233615458,-0.0005271416157484055,0.0022249603644013405,-0.0016728185582906008,0.0021431532222777605,0.00015116050781216472,0.002151999156922102,-0.002517507877200842,-0.0031425917986780405,0.0005288658430799842,0.0011324038496240973,0.003374925348907709,-0.0033723285887390375,-0.001335754757747054,0.0007971212035045028,0.000544417358469218,0.0013700398849323392,-0.0012646245304495096,-0.002377607161179185,0.0012150293914601207,-0.0008317379979416728,-0.0005145540344528854,1.84730834007496e-05,0.0007274973322637379,-0.0003801420971285552,0.0009179346961900592,-0.0014657726278528571,-0.0017071260372176766,0.00015768036246299744,-0.00032898224890232086,0.00045932867215014994,0.0011883400147780776,0.0013674056390300393,-0.00020274586859159172,-0.0003752430493477732,0.0005443618865683675,0.0010889529949054122,0.0005999968270771205,0.0006164240767247975,2.4555567506467924e-05,0.0005221865721978247,0.000935549265705049,-0.000768134428653866,0.00025497088790871203,-0.002386183012276888,-0.00041143904672935605,0.00011389834253350273,0.0029084435664117336,0.0006112462724559009,0.0008835257031023502,-0.0009250623406842351,0.0010039270855486393,0.0014486424624919891,0.0028903656639158726,-0.0007109840516932309,-0.0005356468027457595,0.00171163200866431,0.0008870721212588251,-0.0006628173287026584,-0.001283925143070519,0.0004053845477756113,0.00019167546997778118,-0.0017550245393067598,-0.0027837269008159637,-0.0007814163691364229,-0.00030535500263795257,-0.0018177939346060157,0.0027507911436259747
0.0015790770994499326,0.0004466588725335896,-0.001556426053866744,-0.0009057629504241049,0.0013630161993205547,0.0008451429894194007,-0.0013668288011103868,-0.0013501669745892286,0.0005834947223775089,0.0010816865833476186,0.0010121942032128572,-0.0013558152131736279,-0.00042002691770903766,-0.001362500130198896,-0.00047135481145232916,0.0016625215066596866,-0.0009885699255391955,-0.0011034944327548146,-0.0011030702153220773,-0.000966012361459434,0.00020736489386763424,0.001648915116675198,0.0006722671678289771,0.0007219479302875698,-0.001019336050376296,0.0015010235365480185,-0.0004522244562394917,0.000511710939463228,0.000712918525096029,0.000272957026027143,0.002414785325527191,-0.0001831732370192185,0.001748657668940723,-0.0001461782812839374,0.00010531406587688252,0.0002822814858518541,-9.213208250002936e-05,0.002032817341387272,0.00017552207282278687,0.0006548361270688474,-0.0010627044830471277,0.00027069367934018373,-0.001531960559077561,0.00016714734374545515,-0.0013748040655627847,-0.0004380048776511103,0.0005073369247838855,-0.0008729739929549396,0.00048265355871990323,-0.0021418151445686817,-0.0003575050795916468,-0.000441399693954736,-0.0020453629549592733,0.00028392206877470016,0.001353967236354947,0.0009124752832576632,0.00022476438607554883,-0.0012455780524760485,-0.000590699550230056,6.689652218483388e-05,-0.0002879559760913253,-0.00042149488581344485,-0.0024897069670259953,7.58567257435061e-05,-0.0016163313994184136,-0.00034037389559671283,-0.00023601873544976115,-0.0016286000609397888,-0.000493689498398453,-0.0002891549374908209,0.00027377018705010414,0.0006278909277170897,-0.0012701816158369184,6.351355114020407e-05,0.002341569634154439,0.0012225618120282888,-0.0012639625929296017,0.0007383080665022135,-0.0026481689419597387,-0.001036865753121674,0.0009511298849247396,0.001758647384122014,-0.00016264374426100403,-0.0007936860783956945,0.0014026784338057041,0.00012859415437560529,-0.0018932241946458817,0.0005841926904395223,-0.0008686395594850183,-0.0001855294540291652,0.0011787406401708722,-0.0009920980082824826,0.00213990593329072,0.0014372963923960924,0.0007314446265809238,-0.0007146680145524442,7.043492223601788e-05,0.00011692094267345965,-0.0027551879175007343,0.0009823059663176537
0.002508508274331689,0.0004428817774169147,0.00019015496945939958,-0.0011971526546403766,0.0001510631846031174,-0.0005199101287871599,-0.0017101876437664032,0.0006367568275891244,-8.722690836293623e-05,0.0009244698449037969,0.0011732620187103748,0.000261685490841046,0.0007023279904387891,1.6329715435858816e-05,0.0005257231532596052,-0.0014475048519670963,-0.0011443118564784527,-0.001500573824159801,-0.0017374533927068114,0.002245479729026556,0.0016524310922250152,-0.0005314912414178252,0.00023566697200294584,-0.0018131659599021077,-0.0003386292955838144,0.0009179877233691514,0.0013075214810669422,0.0005976937827654183,-0.0020503962878137827,0.0012408015318214893,0.0003756524238269776,0.0016727042384445667,0.0007901601493358612,-0.0006522397161461413,-0.0016403774498030543,6.221208604983985e-05,-0.00026637435075826943,-0.0022568106651306152,-0.000677831529174,0.0021434961818158627,0.0011020655510947108,-0.0017609967617318034,-0.00038249249337241054,-0.00040915168938227,0.0003301897959318012,-0.0014331069542095065,-0.0006342544802464545,-0.0005088881007395685,-0.000294537196168676,0.0007768350187689066,0.0007228818139992654,-0.0013028205139562488,-0.0003510393435135484,0.002478362061083317,-0.00013415403373073786,-0.001098756561987102,0.0018536593997851014,-0.0030134236440062523,0.001345186261460185,0.0003515726129990071,-0.0013032081769779325,0.0017230082303285599,0.0036299258936196566,-0.00010496151662664488,0.0003002842713613063,0.001033234759233892,-5.520112972590141e-05,0.0006283291731961071,0.000553812482394278,0.0015508778160437942,-0.0018469251226633787,-0.0015105389757081866,-0.000394534959923476,0.00019347168563399464,0.001056517125107348,0.0003875478287227452,-0.0012033096281811595,0.0010662421118468046,-0.00015674755559302866,0.001053503598086536,-0.0017356238095089793,4.149046435486525e-05,0.0013994473265483975,0.0006753381458111107,-0.0016714998055249453,-0.0009060196462087333,-0.0015075484989210963,-0.0002750856219790876,-0.0009266527486033738,0.002741897711530328,-0.0014434725744649768,-0.0019447830272838473,0.00020287460938561708,0.0018358274828642607,-0.0010810040403157473,0.00035937438951805234,-0.0015480746515095234,-0.0005944401491433382,-0.0008031363249756396,-0.0008897434454411268
0.00015006333705969155,0.0001019553528749384,-0.0002498664252925664,-0.0027134744450449944,-7.53829226596281e-05,-0.0003029991057701409,0.0011150130303576589,-0.00046799471601843834,-0.0004884484806098044,0.003501109778881073,-0.0004379231540951878,0.0010346603812649846,-0.0009764150017872453,0.00018566017388366163,0.0005974646774120629,-0.0006150672561489046,0.0015523323090746999,0.00015937477292027324,-0.0001243346487171948,0.00014248494699131697,-0.0016874064458534122,-0.0016324552707374096,0.0006105687934905291,-0.0015147761441767216,-0.00012642284855246544,0.000983569072559476,0.0013862759806215763,-0.0010992464376613498,-0.0012294634943827987,-0.0023856202606111765,-0.0009976821020245552,-0.0001481918152421713,0.0003776236262638122,0.0008192174136638641,0.0021489663049578667,-0.00023734501155558974,2.453869819873944e-05,-1.910216724354541e-06,-0.0007232416537590325,0.00013650926121044904,0.0005683189374394715,0.00038988181040622294,0.00011869295849464834,0.0002529573976062238,-0.0006068689399398863,-0.0001128904550569132,-0.0009226520196534693,0.002225698670372367,0.000596719270106405,6.324484274955466e-05,-0.000488417164888233,0.0007360853487625718,-0.0009673014283180237,-0.0005544063169509172,0.001238783705048263,0.0008395454497076571,0.0011211317032575607,4.888639068667544e-06,0.000472962943604216,0.0016265659360215068,-0.00036390291643328965,0.00025642200489528477,-0.00176534173078835,-0.0005768293631263077,-0.0031668408773839474,-0.0003858292766381055,-0.0005623549805022776,0.0009150875848717988,0.0016384442569687963,0.0016357307322323322,0.0017573676304891706,-0.002680631121620536,0.00016556541959289461,0.0019368509529158473,-0.0018935344414785504,-0.000592837342992425,0.0003755545476451516,0.00021832693892065436,-0.001374734565615654,0.000585066678468138,-0.003423657501116395,0.0002891308395192027,0.0003735056088771671,0.00024967765784822404,0.0011133220978081226,-0.00039379613008350134,-0.000761792587582022,0.0004106530686840415,0.0029621897265315056,0.0007234593504108489,-0.001352015184238553,0.00010245060548186302,0.00042450890759937465,0.0010270095663145185,0.0014547716127708554,0.0005260375910438597,-5.108535697218031e-05,0.001453126547858119,-0.0022871620021760464,0.0010509081184864044
0.00023272311955224723,0.0001340144663117826,-0.003675979794934392,-0.0014676230493932962,-0.0018270856235176325,0.0020102399867028,-0.000587928865570575,-0.0017135718371719122,-0.0031189587898552418,-0.0021916250698268414,-0.0008685527136549354,0.00022286642342805862,-0.001090329373255372,-0.00010118968930328265,0.0001670388737693429,-0.001475572818890214,-0.002458374947309494,0.0001307673956034705,-0.002000778913497925,-0.0004163652192801237,-0.0012676783371716738,4.113563409191556e-05,0.0016672259662300348,-0.00023165441234596074,0.001421891967765987,-0.0018700165674090385,-0.0006058351136744022,-0.0013263290748000145,0.0014203781029209495,0.000684966507833451,-0.001691640936769545,-0.0007013611029833555,-0.0009075926500372589,0.0011171652004122734,0.0012097562430426478,0.0010544590186327696,-0.0020457617938518524,-0.0014540136326104403,0.00376397673971951,0.0023908200673758984,0.0002422287070658058,0.0007043756195344031,-0.002568402560427785,-0.0012874832609668374,-0.00042573819519020617,-0.0004966708947904408,-0.0007026357925496995,0.00011346105020493269,0.002300718566402793,-0.002648355904966593,0.0008575405227020383,0.0005524861626327038,-0.0012751079630106688,0.0009016290423460305,-0.000715007190592587,0.0025114980526268482,-0.002097595017403364,0.0007880628108978271,0.0013353846734389663,-0.001738641643896699,0.0008569911005906761,-0.0013630425091832876,0.000256838888162747,-0.001128453528508544,-0.0016392916440963745,0.002261375542730093,-0.00142218719702214,-0.00035724445478990674,7.835719588911161e-05,-0.00439960602670908,0.0034857229329645634,0.0009693821775726974,0.00018284910765942186,-0.0012585176154971123,-0.0005230159731581807,-0.0036762941163033247,0.0007237271638587117,0.0009302851976826787,0.0004489033599384129,0.00041891419095918536,0.0003598104231059551,0.0004980774829164147,-0.0008995075477287173,0.00044444581726565957,-0.0010232049971818924,-0.0016898282337933779,-0.003952414263039827,-0.00070955726550892,-2.7622640118352138e-05,-0.0017311463598161936,-4.00729950342793e-05,-0.0018457431579008698,0.0013675084337592125,-0.0007601641118526459,0.00358748622238636,0.001539511838927865,0.0018336910288780928,-0.00044610933400690556,-0.002400824101641774,0.001927373930811882
0.0006092378753237426,-0.002859230851754546,0.0017642851453274488,0.0014692108379676938,0.001329199061729014,0.0019139954820275307,-0.001195895136334002,0.0001619439135538414,-0.0025442184414714575,-0.00048284372314810753,-0.00018670600547920913,-0.0002948344626929611,-0.0028996989130973816,-0.0008595354738645256,-0.0009559402242302895,-0.00012712171883322299,-0.0019356801640242338,-0.0012993402779102325,0.0008373027667403221,0.00357787124812603,0.001022702781483531,0.0008830771548673511,-0.0021743103861808777,-0.001290920889005065,-0.0024871635250747204,-0.0013265754096210003,-0.0016324191819876432,7.917788025224581e-05,0.0011429981095716357,0.0004146418650634587,0.0007781026652082801,-0.00027428389876149595,-0.00038389567635022104,0.0014600477879866958,-0.00021593105338979512,-0.0007368317455984652,0.0017782030627131462,0.0011798891937360168,-0.0019160027150064707,6.400719576049596e-05,-0.0035298652946949005,-0.0012583129573613405,0.000893500167876482,-3.4538541513029486e-05,0.00010397536971140653,-0.001740207546390593,0.0002076759992633015,0.000758818001486361,0.0007037900504656136,0.0030946743208914995,0.00020064534328412265,-0.0005187003407627344,0.0013825545320287347,-0.000506916141603142,0.0006273997714743018,-0.0007010641857050359,-0.0006790803745388985,0.001896766247227788,-0.0012752162292599678,-0.0007059091585688293,-0.0018178310710936785,-0.0002988791966345161,-0.002438765484839678,0.00017385395767632872,-0.0028719049878418446,-0.0021901833824813366,-0.0003372355713509023,0.0019559047650545835,-0.003836971940472722,-0.0021071499213576317,0.002794028492644429,0.003270139452069998,0.0009835417149588466,-0.001766671659424901,0.002451772801578045,0.0010435808217152953,-0.0029160301201045513,0.0018663022201508284,0.0007870172848924994,0.001975036459043622,-0.0016603883123025298,-0.00029194343369454145,-0.003713174955919385,0.0009667198173701763,-2.78115039691329e-05,-0.0013599939411506057,-0.00011510460171848536,-0.0017332688439637423,-3.98158317693742e-06,0.0017126932507380843,-0.004013209603726864,0.0016751574585214257,-0.001557348296046257,-0.0022324323654174805,-0.0005334696616046131,-0.0012460745638236403,0.0008123178267851472,0.002199729671701789,0.001464266562834382,-7.18114897608757e-05
7.85734664532356e-06,-0.00018997467122972012,0.0006604644586332142,0.0004742968885693699,-0.0014704536879435182,-0.001651545288041234,0.001357330591417849,-0.0014381997752934694,0.002503910567611456,0.0012157745659351349,0.0016907203244045377,-0.00034170327126048505,0.0009423033916391432,0.0008376281475648284,-2.3955781216500327e-05,-0.0011783774243667722,-0.0001894836750579998,-0.0015086550265550613,-0.00156690482981503,0.0003264489641878754,-0.0013538943603634834,-0.0003202052030246705,-0.00024534077965654433,-4.322576933191158e-05,0.0017899940721690655,0.0011042465921491385,-0.000966975640039891,-0.00038336438592523336,0.0013579585356637836,-0.00015951042587403208,-0.00019130660803057253,0.0008149512577801943,-0.0011947526363655925,-0.002158333081752062,-7.391058170469478e-05,-0.001708784606307745,0.0033372065518051386,-0.0003535040596034378,-0.0008736393065191805,0.0005887395236641169,0.0008441729005426168,-0.000658741279039532,-0.001138769555836916,-0.0004686341853812337,0.0017412141896784306,0.0010429109679535031,-0.00011384214303689077,-0.000697266950737685,-0.0016741983126848936,-0.00010936934995697811,-0.0005327004473656416,0.00010293032391928136,-0.0010751622030511498,0.001829476561397314,-0.0018358263187110424,0.0011763257207348943,-0.002707022475078702,-0.0011653575347736478,-0.0014618020504713058,-0.00018213292059954256,0.000648986897431314,-0.0021923824679106474,-0.0008168179192580283,-0.0020664704497903585,-0.0006567604141309857,0.0004629292234312743,-0.0005344116943888366,-0.0017265971982851624,6.464961916208267e-05,-0.0011039436794817448,0.0016444585053250194,-0.0008208201616071165,-0.0030612291302531958,-0.0013686501188203692,-0.0007975143962539732,-0.00235606636852026,-0.0011394846951588988,-0.0009516699356026947,-0.00027600498287938535,-0.0005689267418347299,-0.0006408574408851564,0.0005836015334352851,-0.002234172308817506,0.0022037385497242212,0.00011264520435361192,-0.00011644603364402428,0.00019122762023471296,-0.0007281893631443381,-0.00011783924855990335,-0.0012485719053074718,0.00040888049989007413,-0.001048640231601894,-0.0007849286776036024,-0.0007596368086524308,0.002152325352653861,-1.1018139048246667e-05,0.001294430228881538,-0.0002640501770656556,-0.0012439709389582276,0.0017221830785274506
0.0002426436694804579,-0.0003167078539263457,-0.0006373891956172884,-0.00026957489899359643,0.0009587744134478271,-0.00013187274453230202,0.0010747539345175028,0.0018561381148174405,0.0003343098214827478,0.0021838219836354256,0.002101025776937604,-0.0004853555583395064,0.002178699243813753,-0.000755782297346741,0.001711572171188891,-0.001127699506469071,-0.0020899728406220675,4.454570807865821e-05,0.0006385819287970662,0.000510203477460891,-0.0001668202894506976,-0.001115247723646462,-0.0007392340921796858,-0.0012871689395979047,-0.001205422100611031,-0.0011031387839466333,-0.0010167522123083472,0.0020970371551811695,-0.0011678620940074325,0.0018165621440857649,0.0021797933150082827,0.0008080670377239585,0.0004965480184182525,-0.00039984023896977305,-0.0019951045978814363,0.0006244223332032561,-0.000970555585809052,0.0002992437221109867,-0.0017154195811599493,-0.0010278091067448258,0.0018858978291973472,0.0016497767064720392,-0.00029891080339439213,0.00024720942019484937,-0.0024519432336091995,-0.001911601866595447,-0.0004651230410672724,-0.0006948690861463547,-0.002945115091279149,-0.0004976738127879798,-0.0035498272627592087,-0.0002869335003197193,-0.0005339658237062395,-0.0007496405742131174,-0.0006362718413583934,-0.0009768875315785408,-0.0011680227471515536,-0.0033131297677755356,-0.0005421554087661207,0.00026608904590830207,0.0017273245612159371,0.00032095276401378214,-0.0005972289363853633,0.0011530652409419417,0.001996206119656563,-0.002933336654677987,-0.001515642856247723,0.0008564894087612629,0.002202387200668454,-0.000405703583965078,0.0023968536406755447,0.00172046956140548,0.003115053754299879,0.002064857864752412,-0.00016400044842157513,0.00026759799220599234,0.001443758956156671,-0.0006458462448790669,8.448416338069364e-05,0.0009283534018322825,0.0005381434457376599,-0.0028996742330491543,5.255521318758838e-05,-0.0005279797478578985,-0.0028365778271108866,0.0011759508633986115,0.0005678082234226167,-0.00011609667853917927,0.002157394075766206,-0.00022170892043504864,-0.0027472968213260174,-0.0010999636724591255,-0.0011939648538827896,0.00043890142114833,-0.0021613866556435823,5.4247037041932344e-05,-0.0018234731396660209,-0.0031248664017766714,0.0018694649916142225,0.002409048145636916
-0.0023234402760863304,-0.001262559206224978,-0.0013010597322136164,-0.00047718791756778955,-0.001716861966997385,-0.0004310837248340249,0.001442943001165986,-0.000669302127789706,-0.00065447180531919,-0.002292401622980833,0.0011477111838757992,-0.0004356222052592784,0.0013191078323870897,0.001666650059632957,0.0025332008954137564,-0.001783490995876491,8.5554645920638e-05,-0.0023296463768929243,0.0005136782419867814,-0.0006146513042040169,-0.00039537122938781977,-0.000168277183547616,0.0015675737522542477,0.0009362958371639252,-0.0002791204897221178,0.0005805629189126194,0.0020970115438103676,0.0009922233875840902,-6.438499258365482e-05,0.0012325739953666925,0.0007108849240466952,0.0031562363728880882,0.001731104333885014,-9.644259080232587e-06,0.0007496362086385489,-0.0044120363891124725,0.0016915518790483475,0.001396100502461195,0.0008586103795096278,0.000513443723320961,0.0026475456543266773,0.0003573828435037285,0.0017974283546209335,-0.000380572717403993,0.0013955776812508702,0.0005595367401838303,-0.0024978341534733772,0.0016386810457333922,0.0004929449642077088,0.0014645656337961555,-0.00046313341590575874,-0.002244129776954651,0.000684309983626008,9.302828402724117e-05,-0.0013583987019956112,0.0002983572194352746,-0.0013297866098582745,0.00027076032711192966,-0.00035719270817935467,-0.0022920863702893257,-0.0009177441243082285,0.0003996478917542845,-0.00119059591088444,-0.0034632168244570494,0.0018374890787526965,-6.574892904609442e-05,-0.00069411750882864,0.0012238495983183384,-0.001673723105341196,0.0006638673366978765,-0.0018262038938701153,0.0006499740993604064,-0.0009528643568046391,7.444943184964359e-05,0.000858792569488287,0.0005188529612496495,0.00012977504229638726,0.0003283122496213764,-0.0012485325569286942,-0.0006092234398238361,-0.001686431816779077,8.321910172526259e-06,-0.0028326220344752073,-0.00025029867538250983,-1.9289345800643787e-05,0.001485989079810679,-0.0001604844437679276,-0.00014902687689755112,-0.0012441737344488502,0.000805022194981575,-0.0012177020544186234,-0.000682775629684329,-0.0003631491563282907,-5.952037463430315e-05,-0.0007285198662430048,2.4055181711446494e-05,-5.995608808007091e-05,-0.0026117288507521152,0.0005087614990770817,-0.0005126482574269176
0.0013671910855919123,0.0021477635018527508,-0.0004320217703934759,-0.0009991273982450366,-0.0005228616646490991,0.0003510220267344266,-6.586624658666551e-05,-0.00011009290756192058,0.0024890084750950336,-0.0011467048898339272,0.000747586484067142,0.0008745579398237169,0.000869308365508914,0.002194745000451803,-0.00041816086741164327,0.001456703059375286,-0.0020765806548297405,-0.0018343513365834951,0.00046372521319426596,0.0010388842783868313,0.001129381824284792,0.00273120473138988,0.0011151374783366919,0.0017101127887144685,0.0018804131541401148,0.001147216884419322,0.00013955232861917466,-0.0009001527796499431,0.0024472849909216166,0.0010566471610218287,0.0003715001803357154,0.002207002369686961,-0.0008118248078972101,0.00047467928379774094,-0.003334909211844206,0.00021178850147407502,-0.0020443617831915617,0.0017507574521005154,-0.0009853937663137913,-0.0007603435660712421,-0.0004435600130818784,-0.00035835886956192553,0.002450048690661788,0.0015385695733129978,0.00024557369761168957,-0.0008296813466586173,-4.251875725458376e-05,0.0010623116977512836,0.0003487990179564804,0.002164768287912011,-0.00045001288526691496,0.0002646738139446825,0.001264482969418168,-0.002268770942464471,0.00022896558220963925,-0.0016869534738361835,-0.0010606388095766306,0.002011384814977646,-0.0013870621332898736,0.001082311267964542,0.0007164397393353283,-0.0027677766047418118,-0.0010630240431055427,-0.001403630361892283,0.0011628842912614346,-0.0005628145881928504,-0.0005985006573610008,-3.42498387908563e-05,-0.0023293534759432077,0.0009026923798955977,-8.701055776327848e-05,-0.0007806940702721477,0.0002285417285747826,0.0009210498537868261,-0.00013122987002134323,0.0005079766269773245,-0.001293423236347735,-0.00012497120769694448,0.0013074273010715842,-0.0010407906956970692,0.0013594874180853367,-0.0008130097994580865,0.00019431639520917088,0.0015586568042635918,0.0024555509444326162,-0.0006661795196123421,0.001368009950965643,-0.0008401324157603085,-0.0003366324526723474,-0.00044502769014798105,0.0009709774749353528,-0.00040702620754018426,-0.00011971621279371902,0.0002015867066802457,-0.0012153701391071081,-0.0010470686247572303,-0.0009472165256738663,-0.0021221330389380455,0.00041466898983344436,-0.0014576357789337635
0.0016557179624214768,0.002323237946256995,-0.0024271314032375813,0.0015771494945511222,-0.0002996338589582592,-0.0024822482373565435,-0.001283525605686009,-0.00011598352284636348,0.0003886783088091761,0.0022064256481826305,0.0042791711166501045,0.001470568822696805,-0.0010808486258611083,0.0009769991738721728,-0.0013503633672371507,-0.0014560379786416888,0.0038228153716772795,0.0028366283513605595,0.00133495032787323,-0.0024907211773097515,-0.002023946726694703,-0.001426217146217823,0.00044080987572669983,-0.002640014747157693,-0.001319863717071712,-0.0010299504501745105,-0.0031818507704883814,-0.00032698988798074424,-0.00359721970744431,0.0006129000685177743,0.003956351894885302,0.0007764909532852471,0.0010963563108816743,0.0022242155391722918,-0.001645591459237039,0.0013032946735620499,0.0006049922085367143,-0.00017890380695462227,-2.5615878257667646e-05,0.00020541106641758233,0.001126083661802113,0.0006688157445751131,0.00254610157571733,0.001765397028066218,-0.0009634100715629756,-0.001760575221851468,-0.0011898132506757975,0.0015465877950191498,-0.0013340736040845513,-0.0011483923299238086,-0.0010192068293690681,0.0002422543620923534,0.000318773090839386,-0.00030845703440718353,-0.0009650976280681789,0.00042693238356150687,0.0009600921766832471,0.0005883236299268901,-0.0025461206678301096,-0.00015070821973495185,-0.003891110885888338,0.0015887862537056208,-0.0015153615968301892,0.0025305759627372026,-0.0005961646675132215,0.0005252137780189514,0.0016440001782029867,0.0004967848071828485,-0.0006745537393726408,0.0007178446976467967,-0.0007838819874450564,-0.00030692637665197253,-0.0015989086823537946,-0.002003955887630582,0.0017909000162035227,0.0007594950729981065,-0.00019632423936855048,-0.001193477539345622,-0.0032856434118002653,0.0015599027974531054,0.0005984559538774192,-6.36660770396702e-05,0.0033124799374490976,-0.00041049366700462997,-0.0024214342702180147,0.001530322595499456,0.00015688974235672504,-0.0006425039027817547,-0.002227331046015024,0.0015097741270437837,-9.614834561944008e-05,-0.0006751597975380719,-0.0009527771617285907,-0.0006695974734611809,0.0021645347587764263,-0.0003090120735578239,-0.00041616446105763316,-0.0003274372429586947,0.0021115606650710106,0.0018893530359491706
0.0020511953625828028,0.0009321477846242487,0.0005867674481123686,-0.0012088726507499814,-0.00048160014557652175,0.0010544355027377605,0.0013703258009627461,4.961995728081092e-05,0.0002883146808017045,-0.0013927762629464269,0.000641537131741643,0.0017413942841812968,-0.0008963724249042571,0.000811775797046721,0.0008480350952595472,0.0024670937564224005,-0.0005475477082654834,0.0006838526460342109,-0.0012205044040456414,-0.001186832902021706,0.00023837854678276926,0.00010764652688521892,-0.0022791200317442417,0.0003427957999520004,-0.002075173193588853,0.0001370460377074778,-0.0021346567664295435,-0.0002757642650976777,0.001970598241314292,-0.001183961983770132,0.0008476767688989639,0.0005163136520422995,-0.0007917310576885939,0.0028993142768740654,0.00021727493731305003,-0.0006368363392539322,0.001785753178410232,-0.0006727997679263353,-0.0017755769658833742,0.0003975190920755267,-0.00040437805000692606,0.0025557223707437515,0.0005264845676720142,-0.000904593791346997,-6.551606929861009e-05,-0.0007458679028786719,0.00011737569730030373,-0.0017767648678272963,-0.0007065609679557383,-0.0010483493097126484,0.0012082040775567293,0.000902295985724777,8.451724715996534e-05,0.0007674150401726365,0.0014051214093342423,-0.00146485713776201,-0.0007629973697476089,-0.002959435572847724,0.0013113250024616718,0.0016996480990201235,-0.002009220188483596,-0.0003203687956556678,0.0006283921538852155,0.00124194601085037,0.001738088671118021,0.0014932905323803425,-0.0012774962233379483,0.00037517372402362525,0.002366468543186784,-6.668842979706824e-05,-0.0001366959186270833,5.7476489018881693e-05,0.0006890667718835175,0.00040354489465244114,-0.001941267866641283,0.0014201528392732143,6.65590850985609e-05,0.00020640893490053713,-0.0013018680037930608,0.0013178937369957566,-0.00018642196664586663,0.0008493944769725204,0.0016007203375920653,0.0030937709379941225,-0.0007442135829478502,0.00018988661759067327,0.001953509170562029,0.0002574247482698411,-0.0005236282595433295,-0.0006508990772999823,0.0015133782289922237,0.00020958298409823328,-0.0005083929281681776,-8.339066698681563e-05,-0.0011891816975548863,0.0012546753278002143,0.0006825221935287118,-1.9313978555146605e-05,-0.001404011738486588,-0.0004592622572090477
0.0015935358824208379,0.00015767166041769087,6.471676169894636e-05,0.0001645128068048507,0.0016829818487167358,-0.0006436323747038841,-0.0002501917479094118,-0.0016562602249905467,0.00030914132366888225,-0.0016796146519482136,0.001123592839576304,6.19393540546298e-05,0.0009886372135952115,0.00017939586541615427,0.0026570111513137817,0.0005012314068153501,0.0006174128502607346,0.0016153139295056462,-0.0012678300263360143,0.0005530188209377229,-7.699446723563597e-05,0.0013385977363213897,-0.0005718123866245151,-0.000346307730069384,3.085237767663784e-05,-0.001025076606310904,-0.0004944357788190246,-0.0020018762443214655,-7.256293883983744e-06,-0.00021473984816111624,-0.00032272477983497083,0.00046163375372998416,-0.0012904814211651683,6.145458883111132e-06,-0.0007296707481145859,-0.00103455048520118,0.0011519092367962003,0.0015334185445681214,-0.0009332194458693266,-8.543911098968238e-05,0.0008933926583267748,-0.0009914976544678211,-0.0007824316853657365,0.0010506745893508196,-0.0003368346660863608,0.0005048317834734917,0.001956004649400711,0.003418184584006667,0.0007247051107697189,0.0016562518430873752,-0.0007833386189304292,-0.0010458012111485004,-0.0006175849121063948,-0.001910467748530209,-0.0009476288687437773,0.0003664800024125725,-0.0015323900151997805,0.00047948432620614767,4.676225580624305e-05,0.002339390804991126,0.0024828361347317696,0.0008813778404146433,-0.0009408900514245033,-0.001215175841934979,-0.0013660327531397343,-0.00024213366850744933,0.0012762917904183269,-0.0007938433554954827,8.322658686665818e-06,-0.0005024999263696373,-7.810496754245833e-05,0.0007861336343921721,0.0007427060627378523,0.0012957453727722168,0.0020987100433558226,-0.0008573942468501627,-0.00028850158560089767,-9.729389421408996e-05,-0.0006455148104578257,0.0025456110015511513,0.0004413098795339465,-0.0012460463913157582,-0.0006459635915234685,0.00012561408220790327,-0.00016788332141004503,-0.0010228281607851386,0.00017061061225831509,0.0008018818334676325,0.0016061401693150401,0.001356925698928535,0.00010806440695887432,0.0001249303895747289,0.001312779146246612,6.80745579302311e-05,0.0013969212304800749,0.0005257399170659482,5.436714127426967e-05,0.0005207013455219567,0.0017572775250300765,0.002130763605237007
-0.0005701407790184021,0.002358917146921158,0.0002968530752696097,0.0005341882351785898,-0.0012454944662749767,0.0003357455716468394,-0.00016858622257132083,-0.00033362337853759527,0.00032636415562592447,0.0017700050957500935,-6.387708708643913e-05,-0.0002917138044722378,0.0012726914137601852,-0.0010290475329384208,-0.00012281214003451169,0.003221086924895644,-0.0014072384219616652,-0.0007449588156305254,-0.0005489528994075954,-0.0008336042519658804,-0.002156379632651806,-0.0027142243925482035,0.0012123103952035308,-0.0008800129871815443,0.002709842287003994,-0.0013088540872558951,0.0003897935675922781,-0.0011439472436904907,0.0005731763085350394,0.0025087709072977304,0.002393124159425497,1.3760058209300041e-05,0.00023120774130802602,-0.0009715434862300754,0.001630506943911314,0.0006548753008246422,-0.0014562405413016677,-0.0006035321857780218,0.00028311077039688826,-0.0010978978825733066,-0.0013487578835338354,-0.0009736744686961174,-0.0015160130569711328,-0.0011835069162771106,-0.0007372929831035435,-0.0023032885510474443,0.00040745423757471144,6.27199697191827e-05,-0.00046548841055482626,-0.0011857172939926386,0.001851447974331677,0.0027772458270192146,0.0005360954673960805,-0.002420778153464198,0.0015381620032712817,-0.0002849159063771367,0.001428248593583703,0.0009460997534915805,0.0014170294161885977,0.0007890831329859793,3.09269453282468e-05,-0.0011528178583830595,2.407277497695759e-05,-0.0022965786047279835,0.0005243891500867903,-0.0006320949760265648,-0.0006231500301510096,-0.0012331076432019472,-0.002350663533434272,0.0004536706255748868,0.0015756888315081596,0.0014094733633100986,-0.0023520977701991796,-0.0007241771090775728,0.0028050930704921484,0.001400396809913218,0.0012495174305513501,0.001530976383946836,-0.002061558188870549,0.0008193773683160543,-0.0013526336988434196,0.0016684673028066754,0.0011998701374977827,8.907735900720581e-05,0.00039918679976835847,-0.001719340099953115,0.0010118917562067509,0.0011178768472746015,1.6278199836960994e-05,0.001792716677300632,-0.0007061694632284343,0.000888918642885983,-0.00044389854883775115,7.491809810744599e-05,-0.0007020517368800938,0.0009610315319150686,0.001577453687787056,0.00018379447283223271,-0.0006487852078862488,0.0005722805508412421
0.0006092378753237426,-0.002859230851754546,0.0017642851453274488,0.0014692108379676938,0.001329199061729014,0.0019139954820275307,-0.001195895136334002,0.0001619439135538414,-0.0025442184414714575,-0.00048284372314810753,-0.00018670600547920913,-0.0002948344626929611,-0.0028996989130973816,-0.0008595354738645256,-0.0009559402242302895,-0.00012712171883322299,-0.0019356801640242338,-0.0012993402779102325,0.0008373027667403221,0.00357787124812603,0.001022702781483531,0.0008830771548673511,-0.0021743103861808777,-0.001290920889005065,-0.0024871635250747204,-0.0013265754096210003,-0.0016324191819876432,7.917788025224581e-05,0.0011429981095716357,0.0004146418650634587,0.0007781026652082801,-0.00027428389876149595,-0.00038389567635022104,0.0014600477879866958,-0.00021593105338979512,-0.0007368317455984652,0.0017782030627131462,0.0011798891937360168,-0.0019160027150064707,6.400719576049596e-05,-0.0035298652946949005,-0.0012583129573613405,0.000893500167876482,-3.4538541513029486e-05,0.00010397536971140653,-0.001740207546390593,0.0002076759992633015,0.000758818001486361,0.0007037900504656136,0.0030946743208914995,0.00020064534328412265,-0.0005187003407627344,0.0013825545320287347,-0.000506916141603142,0.0006273997714743018,-0.0007010641857050359,-0.0006790803745388985,0.001896766247227788,-0.0012752162292599678,-0.0007059091585688293,-0.0018178310710936785,-0.0002988791966345161,-0.002438765484839678,0.00017385395767632872,-0.0028719049878418446,-0.0021901833824813366,-0.0003372355713509023,0.0019559047650545835,-0.003836971940472722,-0.0021071499213576317,0.002794028492644429,0.003270139452069998,0.0009835417149588466,-0.001766671659424901,0.002451772801578045,0.0010435808217152953,-0.0029160301201045513,0.0018663022201508284,0.0007870172848924994,0.001975036459043622,-0.0016603883123025298,-0.00029194343369454145,-0.003713174955919385,0.0009667198173701763,-2.78115039691329e-05,-0.0013599939411506057,-0.00011510460171848536,-0.0017332688439637423,-3.98158317693742e-06,0.0017126932507380843,-0.004013209603726864,0.0016751574585214257,-0.001557348296046257,-0.0022324323654174805,-0.0005334696616046131,-0.0012460745638236403,0.0008123178267851472,0.002199729671701789,0.001464266562834382,-7.18114897608757e-05
-0.0022760177962481976,7.34228451619856e-05,-0.002412705682218075,-0.0002936768578365445,-0.0005095408414490521,0.00042137366835959256,0.0005850299494341016,-0.000913949974346906,0.0008689069654792547,-0.0011797151528298855,-0.0008078725659288466,0.000347117253113538,-0.0010381439933553338,-0.0007525708060711622,-0.0011540959822013974,0.00154284352902323,-0.0014426165726035833,-0.0007112413877621293,0.0026649455539882183,-0.0022088042460381985,-0.0024881477002054453,0.002703684149309993,0.0006122486665844917,0.0006123223574832082,-0.0006963632185943425,-0.004344336222857237,0.00026278788573108613,-0.0004659239202737808,-0.0026084657292813063,0.0006119621102698147,-0.0003900474403053522,-1.2812281966034789e-05,0.0011578459525480866,0.00046223789104260504,-0.0005426214775070548,0.0015587119851261377,-0.0020248442888259888,0.0026211992371827364,-0.0015622613718733191,-0.0019072764553129673,-0.00014530980843119323,-0.00036722279037348926,-0.00013581549865193665,0.0015855449018999934,-0.00010065708192996681,-0.0003563663049135357,0.0004213394713588059,0.00016174300981219858,0.0015225466340780258,-0.0006909430958330631,-0.0030914777889847755,-0.00026830300339497626,-0.0002729019906837493,-0.0006371934432536364,-0.0012629833072423935,0.0008581578731536865,0.00025805208133533597,0.0003074192791245878,0.00012736005010083318,-0.0005050061736255884,0.0008112252689898014,-0.00028550796560011804,-0.0021632323041558266,-0.00033858802635222673,-0.00047373573761433363,0.0014324135845527053,-0.0016185895074158907,0.00015691273438278586,-0.0008134103263728321,0.0002066895249299705,-0.0015759324887767434,-0.0010814872803166509,0.0012084980262443423,-0.0007809194503352046,0.0016768776113167405,-0.0007162158726714551,0.002133177826181054,0.0018600544426590204,-0.00036459416151046753,-0.0005566852632910013,-0.0002037908707279712,0.002264508744701743,2.109613888023887e-06,-0.0006783675635233521,-0.00013627151201944798,0.001069554011337459,-0.0015472292434424162,0.0002108646440319717,8.514792716596276e-05,-0.000697836687322706,-0.0016837577568367124,4.273406011634506e-05,-0.0012643678346648812,-0.004131821449846029,0.0019098003394901752,0.0016266833990812302,-2.6305517167202197e-05,-0.0015119013842195272,-0.00242202403023839,0.00039067977922968566
0.000515652762260288,3.8005640817573294e-05,0.00024879875127226114,-0.000412329682148993,-8.04244882601779e-06,0.002787961857393384,0.0002378959470661357,-0.0011866926215589046,-0.0008837289642542601,0.000735165027435869,-0.0007288235356099904,-0.00176607770845294,4.4652741053141654e-05,-0.0006877070991322398,0.001331038074567914,-0.0013944157399237156,0.001345901284366846,0.0018099916633218527,0.001042221556417644,-0.0017019757069647312,0.0011608593631535769,-0.0005338653572835028,-0.0005319702904671431,0.0005897436058148742,0.0020098527893424034,-0.0009007060434669256,-0.0009544392232783139,4.238521432853304e-05,-0.0015136589063331485,-0.001080940943211317,0.0004754222754854709,-0.0007666838355362415,0.0003608250408433378,0.0011530396295711398,-0.0004230608174111694,0.0011913878843188286,0.0006456243572756648,-0.0012116547441110015,-0.0009985388023778796,-0.0033949678763747215,-0.00018097383144777268,-0.0005877077928744256,0.001460059080272913,-0.00031314665102399886,0.0001802339102141559,-0.00041135938954539597,0.0007036371971480548,0.0009843646548688412,-0.0005446390714496374,-0.0017147058388218284,-0.000237252505030483,0.000639051606412977,0.00212669069878757,0.0026424373500049114,-0.0007369648665189743,0.0006513481494039297,-0.002872185781598091,0.0010908790864050388,-0.001809366513043642,0.0011537601239979267,-5.7903194829123095e-05,0.0011021146783605218,0.000601127976551652,0.001153802964836359,0.002687591128051281,-0.0007916335598565638,-0.0011764420196413994,-0.001245383289642632,0.0009470596560277045,0.0015920193400233984,-0.0025072835851460695,-0.0016315364046022296,0.00107967562507838,-0.0005707989912480116,-0.0007123982068151236,0.0011533484794199467,0.0013318968703970313,0.0009736879146657884,-0.0006325728609226644,0.0006769829196855426,0.0016214108327403665,-0.00024669923004694283,-0.00019268033793196082,-0.0006569529068656266,0.0006456452538259327,-0.00010307994671165943,-0.0008816391928121448,-9.183437214232981e-05,-0.0016490647103637457,0.001759540755301714,-0.0012648358242586255,-0.0008031131001189351,0.0013069952838122845,-0.0009205552632920444,0.0018465479370206594,0.0001955394836841151,-0.00038876995677128434,-0.0007747662020847201,0.0022784771863371134,0.0018120850436389446
-9.365158621221781e-05,-0.0025361806619912386,-0.0012361487606540322,4.190320396446623e-05,-0.0007996235508471727,0.00014076282968744636,0.0004963615210726857,-0.00020540934929158539,0.0016271733911707997,-0.0020005672704428434,-0.00353240012191236,0.0017820700304582715,0.002773837186396122,0.00020257603318896145,0.00030442842398770154,-0.001016372349113226,0.0015386053128167987,0.0009311483008787036,-0.0013142053503543139,0.00046877091517671943,-0.00044289848301559687,-0.00027553862310014665,-0.0008216847199946642,0.000301782856695354,0.000611250230576843,-0.0013280580751597881,-0.0007799820741638541,0.0014236550778150558,0.0016275487141683698,7.434521830873564e-05,0.00027866580057889223,-0.0007558936486020684,0.0017897223588079214,-0.0010872532147914171,-0.0003239872748963535,0.0019127215491607785,0.001104865805245936,0.002199987880885601,0.0006124894716776907,-0.0009766980074346066,-0.0002747576218098402,0.0005230788374319673,0.0024872561916708946,-0.0008848046418279409,0.0017668027430772781,0.0017293404089286923,0.001875119749456644,-0.0018595802830532193,-0.00018106508650816977,0.00012700549268629402,0.00032363436184823513,-0.0013590597081929445,-0.0008120451238937676,0.00030415350920520723,0.0019291125936433673,0.0004824271018151194,0.001268136315047741,0.0019480966730043292,-0.0001243721490027383,-0.002051856368780136,-0.0020985875744372606,0.0008040948305279016,-0.0004138628428336233,-0.00011128559708595276,-0.0004458686162251979,-0.0002574106038082391,-0.0018678685883060098,-0.0006077444413676858,-0.0024074488319456577,-0.0009100938914343715,0.003627616912126541,0.0016291161300614476,0.0002330940042156726,-0.0003854230453725904,-0.0009554361458867788,-0.0007186710136011243,0.0018116426654160023,-0.0019266108283773065,-0.0008633696706965566,0.0013589949812740088,0.0009191760327666998,-0.0015115728601813316,-1.8530990928411484e-05,0.0007016508025117218,-0.0018395102815702558,-0.0004406167718116194,-0.002179850824177265,0.00025754852686077356,-0.0003184812667313963,-0.0013855218421667814,-0.0022162727545946836,0.0013409086968749762,0.0007637758390046656,0.00039891767664812505,-0.0020961612462997437,0.003803566098213196,0.0005034451023675501,0.0024062038864940405,-0.0016502207145094872,0.00026089834864251316
-0.0027365535497665405,-0.0005701130139641464,-0.00034655333729460835,0.001200590981170535,-0.0004552224709186703,-0.00038490467704832554,-0.0019310131901875138,1.9016768419533037e-05,0.0027403398416936398,0.00230969930998981,-0.0007388819358311594,0.0021240226924419403,0.0018011234933510423,-0.00366075336933136,0.0028493013232946396,0.00016674557991791517,0.0007082544034346938,6.391201168298721e-06,-0.002988191554322839,-0.0003169214469380677,2.3659318685531616e-05,0.0005965712480247021,-0.0027510395739227533,-0.004126520361751318,-0.003281882032752037,-0.00145167694427073,0.00019672485359478742,0.0015644535887986422,0.001053514308296144,-0.0016060646157711744,-0.00016112966113723814,-0.0009538743761368096,0.0019994217436760664,-0.0002745823876466602,0.0006439151475206017,-0.000698263116646558,-0.001479873200878501,0.00010121120430994779,-0.0011258209124207497,0.0017353498842567205,-0.000120560682262294,0.0006084863562136889,0.0028872445691376925,0.0003708644362632185,0.002139780204743147,-0.0014036953216418624,-0.0014441125094890594,-0.00031620427034795284,-0.002645915374159813,-0.001888552331365645,-0.001184922643005848,0.00013431596744339913,0.0026249804068356752,0.0023860596120357513,-0.0012975367717444897,0.0012430459028109908,-0.0008598060230724514,0.0008486785227432847,-0.002494018990546465,0.0031843192409723997,0.0011742545757442713,0.0012554675340652466,-0.0003311647451482713,0.0025120433419942856,0.002021488733589649,0.0012773328926414251,0.000869803479872644,-0.001469451584853232,-6.0155765822855756e-05,-0.0024507080670446157,-0.002848843578249216,-0.001186128007248044,-0.0011562922736629844,0.002885457593947649,-0.0023048913571983576,-0.0020256931893527508,0.0008591071818955243,0.0008302218047901988,0.0009100096067413688,-0.0009228935232385993,-0.002340038074180484,0.0014258153969421983,-0.0003641757066361606,0.0020099375396966934,0.0019129866268485785,-0.0003886126505676657,0.001231301692314446,0.00025648740120232105,-8.273245475720614e-05,0.0011189270298928022,0.0020241092424839735,0.0018900405848398805,0.0025220047682523727,0.0007602309924550354,0.0006992056732997298,-0.002148647326976061,0.001384001225233078,0.00206244015134871,0.0012525006895884871,-0.003212080104276538
0.0018369952449575067,0.0003678063803818077,-0.00025510587147437036,0.0032243821769952774,-0.0016211682232096791,-0.0006435668328776956,-0.0010006458032876253,0.004118507262319326,0.003582666628062725,0.0029634812381118536,-0.0029269326478242874,-0.003035773290321231,-0.0033806271385401487,0.0013412066036835313,-0.0030469726771116257,-0.0011641744058579206,-0.003120487555861473,0.005592177156358957,-0.0007001523044891655,-0.0005523912841454148,0.0016908388352021575,-0.00012446004257071763,0.0032815185841172934,0.0004465362289920449,0.0027449950575828552,0.0008628952200524509,0.003211498958989978,-0.001269011409021914,0.002719263778999448,0.00484717870131135,-0.0019687095191329718,-0.0026382438372820616,0.0010401771869510412,-0.00012765855353791267,-0.0005726276431232691,-0.0002752609143499285,0.0022600910160690546,-0.00046643087989650667,-0.004983538296073675,0.004347114358097315,-0.0007738892454653978,-0.005721228197216988,-0.004893639590591192,0.0018787290900945663,0.00297512486577034,0.0025374917313456535,0.00044080454972572625,-0.0061606490053236485,-0.0016390244709327817,-0.0017995439702644944,0.0017477007349953055,-0.004472475033253431,0.002316669560968876,-0.00046992316492833197,0.003076300723478198,-0.0036132384557276964,-0.0024635326117277145,-0.0013908840483054519,-0.0064054024405777454,-0.0054880790412425995,0.0017847473500296474,0.0029942775145173073,-0.0008845410193316638,-0.004321921616792679,0.0033620477188378572,0.0011208612704649568,0.0012187558459118009,0.001845084480009973,0.002851676195859909,-0.0005774321034550667,0.00033480781712569296,-0.0011477192165330052,-0.0037179645150899887,0.001339794136583805,0.003620350966230035,0.0008307956741191447,-0.0035666644107550383,-0.0004400281759444624,-0.0045255632139742374,-0.00027363825938664377,0.0018365454161539674,3.993092104792595e-05,0.00022669346071779728,-0.0021129942033439875,0.0010484526865184307,0.0038659072015434504,-0.0023758120369166136,-0.0014254158595576882,-0.00018492333765607327,0.0006753673660568893,0.0017763618379831314,-0.0017144294688478112,0.000859999970998615,0.002399643650278449,-0.0013568407157436013,-0.0008838549256324768,-0.001390916877426207,-0.0014786893734708428,0.0022775044199079275,0.0009257439523935318
-0.0002419195807306096,-7.004579674685374e-05,-0.00032913245377130806,-0.001246012980118394,0.0008855829364620149,-0.0005090652266517282,-0.00015446593170054257,-0.00048188044456765056,0.0008520695264451206,0.00027400057297199965,0.0015399787807837129,0.0013789011863991618,-0.0022762634325772524,0.0008679121383465827,-0.0018661187496036291,0.0009210234857164323,1.0976913472404703e-05,0.00037641223752871156,-0.000612885516602546,0.00039080058922991157,0.0005961944698356092,6.540570029756054e-05,-0.00015699009236413985,-0.0013553599128499627,-0.000890130118932575,0.00119239732157439,0.0004019658954348415,-0.0006691498565487564,0.0003013951354660094,0.0007458467734977603,-0.0007243932923302054,0.0003874725371133536,-0.0013541972730308771,0.0004867863026447594,-0.0002484889409970492,0.0009274277254007757,-0.0019147341372445226,-0.0006732978508807719,0.0034549622796475887,0.0005169775104150176,0.0012583947973325849,-0.0005699520115740597,0.0017449669539928436,-0.0001439423649571836,-0.0020644308533519506,1.7438984286854975e-05,0.0027849641628563404,0.0012936402345076203,-0.0009480051230639219,-0.0003613372682593763,-2.6434234314365312e-05,0.0008747687679715455,-0.0011636221315711737,-0.0003468002541922033,0.0004971520393155515,0.000501132570207119,0.0006009605131112039,-0.0017641951562836766,0.0020458924118429422,-0.0006571583217009902,0.0009905045153573155,0.0009992849081754684,-0.00044875004095956683,0.0008325472590513527,0.0018673597369343042,0.0016117264749482274,-0.001079438952729106,0.0010188182350248098,-5.962271097814664e-05,0.0009995305445045233,-0.0009222513763234019,0.0014392855810001493,0.0010869784746319056,-0.0009862477891147137,-9.644556121202186e-05,-0.0010689051123335958,0.0003735986247193068,0.0011963114375248551,0.0012985460925847292,-0.00013541865337174386,-0.0011273162672296166,0.001045282813720405,-0.0011598941637203097,-0.0012034422252327204,0.0012532862601801753,-0.0019099009223282337,0.00035792108974419534,0.001904775621369481,0.0015394298825412989,-0.00042771684820763767,-0.001474024262279272,0.0003805401502177119,0.0009321229881606996,7.280392310349271e-05,0.0011861472157761455,-0.00011768108379328623,-0.00034968461841344833,-0.0019913604483008385,0.0014692139811813831,-0.001263309852220118
-0.0016398386796936393,-0.002412037458270788,-0.0005408962024375796,-0.0007484801462851465,-0.0004400853649713099,0.000711682892870158,0.0010489863343536854,0.0007517632329836488,0.00042123135062865913,-0.000989906839095056,0.0017690352397039533,-0.000962144578807056,-0.0015720758819952607,-0.0003199120983481407,-0.0004325629270169884,-0.001604806398972869,0.00017416906484868377,-0.0011502124834805727,-0.0009107057703658938,0.002329937880858779,-0.00033123488537967205,0.0008673203410580754,0.0005040958640165627,-0.000941991456784308,0.0029181637801229954,-0.001929104677401483,-0.0003299164236523211,-0.0005108069162815809,0.0021097410935908556,-0.002405347302556038,0.0005076012457720935,-0.0028549148701131344,0.0009493897669017315,0.0003832808288279921,0.001898041577078402,-0.0003476551210042089,-0.0017215937841683626,0.0004403539642225951,-0.0010390382958576083,-0.0009764893329702318,0.0011132690124213696,-0.0024988555815070868,-0.00044683413580060005,-0.0005695481086149812,0.002333895768970251,-0.002438358496874571,-0.0013600426027551293,-0.0012256453046575189,0.0023326536174863577,-0.0011919504031538963,-0.0021392260678112507,0.000981867196969688,0.0016238795360550284,0.0032185602467507124,-0.0016613847110420465,0.0011435922933742404,-0.0013279939303174615,-0.0006918174331076443,-0.0008856808999553323,-0.001063966192305088,0.0008429237641394138,0.0004149829037487507,-0.0032188945915549994,-0.003266662824898958,-0.0005173330428078771,0.00034128123661503196,-1.4342733265948482e-05,0.0011331492569297552,0.00123567262198776,-0.0002558075648266822,0.0006788323516957462,0.0022095050662755966,-0.0010113269090652466,0.0017082365229725838,2.4365526769543067e-05,0.0004935781471431255,0.0006482245516963303,-0.0008544508600607514,-0.0005025732098147273,-0.0013460929039865732,-9.715783380670473e-05,-0.0003577943134587258,0.0034634557086974382,0.0010571045568212867,-0.0006932898540981114,0.0029115246143192053,-0.002041348023340106,0.0011393580352887511,0.0004493035958148539,-0.0005987105541862547,0.00012675070320256054,-0.0005574562237598002,0.0031314485240727663,0.001126941409893334,0.0008815979235805571,0.0006418918492272496,-0.00026344688376411796,-0.000776791013777256,0.00034800704452209175,0.0005268086097203195
-0.0007556282798759639,0.0005537274992093444,-0.001588319311849773,-0.001348214573226869,0.0017907303990796208,3.977143205702305e-05,-0.0015089252265170217,-0.0023653358221054077,0.00019487399549689144,-0.0011729339603334665,-0.0015330103924497962,0.0006969946552999318,-0.00176044215913862,0.003178179729729891,0.0005119153647683561,-0.001505781663581729,-0.0008953795186243951,8.306060044560581e-05,-0.0005536635871976614,2.8486230803537183e-05,0.001508524059318006,0.0005164904287084937,-0.002662091748788953,-0.0012308122823014855,0.0027960517909377813,-0.0009734533377923071,-0.0022601564414799213,-0.0006173637812025845,0.0020187972113490105,-0.0015866596950218081,-0.0009037223644554615,-0.0031677831429988146,0.0006851223297417164,4.5278840843820944e-05,-0.0011892315233126283,-0.001701064989902079,-0.0009544431231915951,0.000708632345777005,0.0004280649882275611,0.002782174153253436,0.0010365598136559129,0.0002608237264212221,0.0003648644487839192,-0.0011827492853626609,-0.003705971408635378,-0.0008704823558218777,-4.550874564301921e-06,-0.0006840468267910182,0.000556013488676399,0.0031954834703356028,0.0022496390156447887,0.000944840139709413,0.00013327901251614094,0.0012804776197299361,0.0009219669154845178,0.0009018745040521026,-0.0012759771198034286,-0.0005960629205219448,-0.0023167706094682217,-0.001069241319783032,-0.0012825416633859277,-0.000870878400746733,-0.0008765632519498467,0.0004605824069585651,0.0017882796237245202,0.0016070527490228415,4.6462952013826e-05,8.544339652871713e-05,-8.781195356277749e-05,-0.0002989881031680852,-0.0009285240084864199,0.00227585481479764,0.0008280788897536695,0.0005962996510788798,6.140186451375484e-05,0.0024754779879003763,0.001378149027004838,-0.0017916139913722873,0.0027301590889692307,0.001608423888683319,0.0006574143772013485,-0.0008241413161158562,-0.0021515849512070417,8.807151971268468e-06,-0.0021129895467311144,-0.0015648442786186934,-0.000860104279126972,-0.00156612868886441,0.0007935427129268646,-6.020378350513056e-05,-0.0004271383222658187,0.0020414828322827816,-0.00019317281839903444,-0.0008992069633677602,-0.0011979778064414859,0.0020169545896351337,-0.00037608848651871085,0.0015287566930055618,-0.001268666354008019,-0.0026403821539133787
0.0006522859330289066,-0.0007209085742942989,-0.0006336605292744935,0.0011275820434093475,-0.0017366660758852959,0.0028346229810267687,-0.00029374362202361226,-0.0022732666693627834,1.736735248414334e-05,-0.003666035830974579,0.001951025566086173,-0.0020748504903167486,0.0007995593477971852,-0.0016509976703673601,-0.0003702769463416189,-2.4235083401435986e-05,0.0016222342383116484,0.0003413477970752865,4.083220846951008e-05,0.0014352516736835241,-0.002082532038912177,0.0009842801373451948,-0.0036479425616562366,-0.0012830848572775722,0.002551271114498377,-0.001162724569439888,0.0003960170433856547,-0.0002561131550464779,-0.00023906274873297662,0.0007725175237283111,-0.001340560964308679,-0.0022134475875645876,-0.0007790721138007939,0.0004884738591499627,0.0007369668455794454,0.0010854369029402733,0.001765848253853619,-0.0003218990168534219,-0.0006639472558163106,0.0018081890884786844,0.0016125959809869528,-0.0003479651641100645,0.0022173956967890263,0.0013924350496381521,0.0016969756688922644,-0.003677959321066737,-0.0027357451617717743,-0.002154379617422819,0.0019980533979833126,0.002513501327484846,-0.0009989476529881358,-0.0010830649407580495,0.000583493325393647,0.0020762241911143064,-0.001089561148546636,-0.0023294766433537006,0.002404402941465378,0.001641675946302712,0.0001410471450071782,-0.001126391114667058,0.0009720613597892225,0.000917617348022759,-0.000598222017288208,0.002358317608013749,-0.00416184077039361,-0.001406913623213768,-0.002339764032512903,-0.0021902623120695353,0.0009029571083374321,-0.0002316344325663522,0.0018689889693632722,0.001970898127183318,-0.0024687598925083876,-0.001215985044836998,-0.0025463798083364964,-0.0006265296833589673,0.0022002009209245443,0.0009176016901619732,0.0011386884143576026,-0.0002110413188347593,0.0013601413229480386,0.0008047549054026604,-0.00013864459469914436,-0.00046432550880126655,-0.0009848185582086444,-0.0003587902174331248,0.001937783439643681,-0.0018763801781460643,-0.002689686371013522,0.001775275683030486,-0.0007258570985868573,0.00012631714344024658,-0.0007049129926599562,0.0022489745169878006,-0.0021384067367762327,-0.0011179210850968957,-0.0014776515308767557,0.0008321002242155373,0.0005696046864613891,0.0002560024440754205
0.0015935358824208379,0.00015767166041769087,6.471676169894636e-05,0.0001645128068048507,0.0016829818487167358,-0.0006436323747038841,-0.0002501917479094118,-0.0016562602249905467,0.00030914132366888225,-0.0016796146519482136,0.001123592839576304,6.19393540546298e-05,0.0009886372135952115,0.00017939586541615427,0.0026570111513137817,0.0005012314068153501,0.0006174128502607346,0.0016153139295056462,-0.0012678300263360143,0.0005530188209377229,-7.699446723563597e-05,0.0013385977363213897,-0.0005718123866245151,-0.000346307730069384,3.085237767663784e-05,-0.001025076606310904,-0.0004944357788190246,-0.0020018762443214655,-7.256293883983744e-06,-0.00021473984816111624,-0.00032272477983497083,0.00046163375372998416,-0.0012904814211651683,6.145458883111132e-06,-0.0007296707481145859,-0.00103455048520118,0.0011519092367962003,0.0015334185445681214,-0.0009332194458693266,-8.543911098968238e-05,0.0008933926583267748,-0.0009914976544678211,-0.0007824316853657365,0.0010506745893508196,-0.0003368346660863608,0.0005048317834734917,0.001956004649400711,0.003418184584006667,0.0007247051107697189,0.0016562518430873752,-0.0007833386189304292,-0.0010458012111485004,-0.0006175849121063948,-0.001910467748530209,-0.0009476288687437773,0.0003664800024125725,-0.0015323900151997805,0.00047948432620614767,4.676225580624305e-05,0.002339390804991126,0.0024828361347317696,0.0008813778404146433,-0.0009408900514245033,-0.001215175841934979,-0.0013660327531397343,-0.00024213366850744933,0.0012762917904183269,-0.0007938433554954827,8.322658686665818e-06,-0.0005024999263696373,-7.810496754245833e-05,0.0007861336343921721,0.0007427060627378523,0.0012957453727722168,0.0020987100433558226,-0.0008573942468501627,-0.00028850158560089767,-9.729389421408996e-05,-0.0006455148104578257,0.0025456110015511513,0.0004413098795339465,-0.0012460463913157582,-0.0006459635915234685,0.00012561408220790327,-0.00016788332141004503,-0.0010228281607851386,0.00017061061225831509,0.0008018818334676325,0.0016061401693150401,0.001356925698928535,0.00010806440695887432,0.0001249303895747289,0.001312779146246612,6.80745579302311e-05,0.0013969212304800749,0.0005257399170659482,5.436714127426967e-05,0.0005207013455219567,0.0017572775250300765,0.002130763605237007
0.002561402041465044,0.00125414808280766,0.0005536829121410847,0.0011467001168057323,0.001067139208316803,-2.3366894311038777e-05,0.0014284519711509347,0.00010563492105575278,0.0005509906332008541,0.0004886250244453549,0.002063511870801449,0.0019900058396160603,-8.190276275854558e-05,-0.00016621088434476405,0.000886488996911794,0.0005279371980577707,-0.0018309560837224126,-0.0005980796413496137,-0.00015265301044564694,0.000363137514796108,0.0021432549692690372,-0.002253173850476742,-0.0007552701281383634,-0.0010334468679502606,0.00036031712079420686,0.002379939891397953,0.0008895340724848211,0.0007637453963980079,0.0007300159195438027,-0.00023271478130482137,0.0018371245823800564,0.0005130687495693564,-0.00021583422494586557,0.0017097537638619542,-0.0009308963199146092,0.000976811395958066,0.0017642182065173984,-0.0008608323405496776,8.254032582044601e-05,-1.3275393939693458e-05,2.9989482754899655e-06,0.0002517287211958319,-0.0023631113581359386,-0.00037177681224420667,0.0018165732035413384,-0.0009521320462226868,0.0010260199196636677,-0.0009229406132362783,-0.002611074596643448,0.002009195974096656,-0.00035957692307420075,0.0009938026778399944,-0.0012676481856033206,3.0448243705905043e-05,0.002443530596792698,-0.0012063919566571712,0.0016239396063610911,0.000804860086645931,-0.0011192129459232092,-0.0005887795705348253,-1.0645733709679917e-05,-0.0009457949781790376,-5.685168071067892e-05,-0.00011652226385194808,0.0003925858763977885,0.0009132394916377962,-0.00035018284688703716,0.0001190280745504424,0.000529665092471987,-0.0017691978719085455,0.0018985536880791187,-0.0011084084399044514,0.0008304687216877937,-0.002375529147684574,-3.812170325545594e-05,-0.0018402051646262407,0.0012482248712331057,0.0006337835220620036,0.001061570132151246,0.0021317454520612955,0.0006176720489747822,0.0023674096446484327,-0.0020777808967977762,-0.00023125747975427657,0.0006223655655048788,0.0010232602944597602,-0.000775057531427592,-0.0008734092698432505,0.0017612379742786288,-0.0014939443208277225,-0.0004210430197417736,0.0006205346435308456,-0.00026681451709009707,-0.0007453438593074679,0.0013469260884448886,0.00010216028022114187,-0.0007693249499425292,-0.0002608294889796525,-0.00031617176136933267,-0.0003269118897151202
-0.001971377758309245,0.0011423452524468303,0.002055094577372074,0.0011511496268212795,-0.0014501598197966814,0.0017351510468870401,0.002209027763456106,-0.0009768439922481775,0.0002164609613828361,0.000921213417313993,-0.0003718621446751058,-0.00037534741568379104,0.0009070305386558175,0.0008815128821879625,7.884882506914437e-05,-0.0008461090619675815,-0.00022266796440817416,-4.5721946662524715e-05,0.003312209155410528,-3.510385795379989e-05,-0.0002789850695990026,-0.0001746578054735437,-0.001396442879922688,0.00046046695206314325,0.0014901960967108607,-0.0007243102882057428,0.0008073273347690701,-0.001721624517813325,0.0015626437962055206,-0.0018240754725411534,0.00037606031401082873,0.0014105167938396335,-0.002541232854127884,0.0007416749722324312,0.0017010662704706192,0.0007036039605736732,0.0021410563495010138,0.0033107458148151636,0.0008247424266301095,-0.0019216814544051886,-0.0026110955514013767,-0.0019144541583955288,-0.0014932927442714572,0.00202531018294394,0.0012776287039741874,-0.002829519798979163,0.0010396582074463367,-0.0011364256497472525,-0.0008400856168009341,-0.00046408927300944924,0.0007337318384088576,-0.00020484902779571712,-0.0005351660074666142,-0.0009722646791487932,0.0025202916003763676,-0.0015599187463521957,0.0009060185984708369,-0.0021942744497209787,0.001369077479466796,0.0008253614651039243,-0.0004568781005218625,0.0001625950972083956,0.0004048387927468866,0.0005096803070046008,0.00010750489309430122,0.000666546868160367,0.0007296697585843503,-0.00014205207116901875,-0.0005783837987110019,-0.00036600191378965974,-0.0024886655155569315,-0.001203583087772131,-0.0006590398261323571,0.000559937849175185,-0.0001629955950193107,-0.0012913302052766085,-0.0008405623375438154,-0.001647966098971665,0.0014783231308683753,-0.000640844227746129,0.0001104380571632646,0.00040084662032313645,-0.002114848932251334,0.00029688343056477606,-0.001245985273271799,-0.0010419470490887761,-9.54188817559043e-06,-0.0015100284945219755,0.0010212890338152647,-0.0003025569603778422,0.00010923086665570736,-0.0001292328379349783,0.001808837754651904,0.0013077501207590103,0.0007907745894044638,0.0011867627035826445,8.72607488417998e-05,0.00016485649393871427,0.0017697936855256557,9.501852764515206e-05
-0.0019303110893815756,-0.0012085521593689919,0.0023917097132653,0.0008659412851557136,5.3438539907801896e-05,-7.498036575270817e-05,-0.0025391581002622843,-0.00013104191748425364,0.0008302583592012525,-0.00042128426139242947,0.0011960098054260015,0.003399253822863102,-0.0012791282497346401,-0.0008416956989094615,-0.0003673964529298246,-0.0002124345483025536,0.0006290178862400353,-0.000194738749996759,-0.0016373584512621164,0.0016794635448604822,-0.0007383064948953688,0.00017600848514121026,0.00012341202818788588,0.0025351899676024914,-0.0007640802068635821,-0.0005398635403253138,0.00030226705712266266,0.0014710263349115849,-0.0010907297255471349,-0.0007697833352722228,0.0005022139521315694,-0.0008186370832845569,-0.0033453498035669327,-0.0006612418219447136,-0.0014517068630084395,0.0010994758922606707,0.000297834281809628,0.00019804375187959522,0.0016614270862191916,-0.0010542154777795076,-0.0018336573848500848,0.0005937729147262871,-0.00018763130356092006,-0.001016469905152917,-0.0010909748962149024,-0.00032062717946246266,-0.00019019412866327912,-0.0003480513405520469,-0.0008265083306469023,0.0029096505604684353,-0.0020755925215780735,3.4168751881225035e-05,0.0011634583352133632,8.516911475453526e-05,0.001704078633338213,0.0010323820170015097,0.0009445710456930101,-0.0008118245168589056,-0.0003075010608881712,0.00011264605564065278,-0.0012725972337648273,0.0012149523245170712,0.00048787271953187883,-0.0024111829698085785,-0.001460566185414791,-0.0005757876788266003,0.0003603693621698767,0.00045995181426405907,0.0025992586743086576,0.00150461052544415,0.0012168431421741843,-0.000915168784558773,0.00023914351186249405,-0.00023009715368971229,0.0011896934593096375,0.0013065499952062964,-0.0016194108175113797,-0.00028765687602572143,0.002415215829387307,-0.00037489121314138174,0.0011905384017154574,-0.0003863248275592923,-0.0013794411206617951,-0.0012657965999096632,0.00021424336591735482,-0.00025281941634602845,2.83394219877664e-05,-0.0012811643537133932,-0.00037712001358158886,0.0006050336523912847,0.0021384665742516518,-0.0006511278916150331,-0.00022469920804724097,0.0016931216232478619,-0.001132744480855763,-0.0014214407419785857,0.0010733440285548568,0.0014703039778396487,-3.145723167108372e-05,0.0010658774990588427
0.0022387285716831684,-0.0007507927366532385,0.0008469041786156595,0.00011023428669432178,0.0005545740132220089,0.002690487541258335,-0.001616629888303578,-0.00024835008662194014,-0.0009947672951966524,0.002022775588557124,0.004058673977851868,0.000754013191908598,-0.0012173752766102552,0.0005260960315354168,-0.0010670020710676908,-0.0011927630985155702,0.0014876601053401828,0.0002696641022339463,-0.0004994346527382731,-0.002397209871560335,0.00014284129429142922,0.0009761626715771854,-0.0010645692236721516,0.0006924222689121962,-7.517764970543794e-06,0.001974961720407009,0.00020901240350212902,6.506333011202514e-05,-7.721499423496425e-05,-0.0006962115876376629,0.0010426363442093134,-0.002704779850319028,-0.00012622114445548505,-0.002528173616155982,-0.00018284795805811882,-0.00011300331971142441,-0.0017562502762302756,-0.0023750243708491325,-0.002050766022875905,0.0012313742190599442,-0.0005017698276787996,-0.001610455452464521,0.0013105078833177686,-0.0017182244919240475,0.002685197629034519,0.0006361642153933644,-0.00016202293045353144,-0.0007381000323221087,0.0022589482832700014,-7.248052133945748e-05,0.0006774652283638716,0.002207445679232478,0.0022361548617482185,-0.0013031670823693275,8.321566565427929e-05,0.0014263136545196176,-0.0014108556788414717,-0.0009916438721120358,-7.23325356375426e-05,0.00030546291964128613,9.876158628685516e-07,-0.0029091325122863054,7.813503907527775e-05,-0.0010720820864662528,0.0010896035237237811,-0.0007249075570143759,0.0015611714916303754,0.00044360809260979295,0.0009886353509500623,-0.0007275832467712462,-0.000340446422342211,-0.0013441783376038074,-9.838656114879996e-05,2.6365638404968195e-05,-0.0005036343936808407,0.0012475858675315976,0.0005371630541048944,0.0019119554199278355,-0.0007990172598510981,0.0012990636751055717,-0.000746022502426058,-0.002642876235768199,0.001966499723494053,-0.002437751041725278,-0.0005878300871700048,0.0012130490504205227,0.000587579736020416,0.0003833026275970042,0.0015668822452425957,-0.00028666306752711535,0.0007067833794280887,-0.0009486571652814746,-0.0016477038152515888,0.0006878891144879162,0.00014039631059858948,0.0004913150914944708,-0.0005966384778730571,-0.0021447904873639345,0.0013061679201200604,-0.0016155731864273548
-0.0002922776620835066,0.00010069254494737834,8.48495401442051e-05,0.0018684370443224907,0.0008846012060530484,0.0006921745953150094,-0.0010612949263304472,-0.0024889479391276836,-0.0012319540837779641,-0.0020168591290712357,0.00023221364244818687,0.0037516914308071136,-0.00019239963148720562,-0.00023013332975097,-0.0023319139145314693,-0.00028539448976516724,0.0004203656571917236,-7.472932566088275e-07,0.0009842427680268884,-0.004265543073415756,-0.003424855414777994,-0.0016378925647586584,-0.0031731233466416597,0.000749488826841116,-0.00037904977216385305,0.0013698533875867724,-0.0014019369846209884,0.0011237168218940496,0.0009395736269652843,-0.00119016005191952,-0.002115603070706129,0.0031385391484946012,0.0013036320451647043,0.0015891536604613066,0.002010578056797385,0.002485079225152731,-0.002087211236357689,0.0010266199242323637,-0.0008225982892327011,0.0007561416132375598,0.0006805383018217981,-0.003426759969443083,-0.0007504475652240217,-0.0013120707590132952,-0.0017083104467019439,-0.0002211007958976552,0.0013617869699373841,-0.00036867367452941835,0.0009643373196013272,0.004231438040733337,-0.0017303870990872383,-0.0013044991064816713,0.0025265372823923826,0.0003839799319393933,0.00022474498837254941,0.003039962612092495,0.0014188429340720177,0.0007770209922455251,0.00254268036223948,-0.0012031884398311377,-0.0014725035289302468,0.0009633631561882794,-0.0020920138340443373,-0.002401390578597784,0.0007603723788633943,0.0002661324106156826,-0.0016138602513819933,-0.004067698959261179,-0.0007126067066565156,0.0004125851555727422,-0.0016075402963906527,0.0006277445936575532,-2.308189868927002e-05,0.00019139974028803408,-0.0031942110508680344,-0.000617619080003351,0.0008451981702819467,-0.001965787261724472,-0.0008021770045161247,-0.0001378222368657589,0.0027176844887435436,-0.002416378352791071,-0.0025590036530047655,-0.0014135900419205427,0.0009060099837370217,0.001254096394404769,-0.005759875290095806,-0.0004084517131559551,-0.001183400279842317,-0.0033753090538084507,0.000914702657610178,-0.001404352835379541,0.0011374660534784198,-0.00302473409101367,0.0016669295728206635,-0.0021554736886173487,0.001179370330646634,0.0005363071104511619,-0.0014171706279739738,-0.002015620470046997
-0.001312370179221034,-0.0015285692643374205,0.003125792136415839,0.0003790478513110429,0.00299385329708457,-0.0015208409167826176,-0.00033007693127729,0.00041599536780267954,0.0015774647472426295,0.000983998877927661,0.0009491059463471174,0.00048357032937929034,-0.002813369734212756,-0.0023602498695254326,0.0004277061962056905,-0.0013084313832223415,0.00149065803270787,-0.00041565560968592763,0.0018330776365473866,-0.00024349965678993613,0.000644071726128459,-0.0008788874256424606,0.001111833960749209,-0.0010620071552693844,0.002888564020395279,5.537070319405757e-05,-0.0006339673418551683,-0.0022566411644220352,0.0016036402666941285,-0.0006610824493691325,2.4424971343250945e-05,0.000771067279856652,-0.001314722467213869,0.0012965640053153038,0.0023227122146636248,-0.002239701570942998,0.003722273511812091,-0.0005695038707926869,-0.00016734479868318886,-0.0001985371927730739,0.0017923194682225585,0.0008591000223532319,0.00013909734843764454,0.0011273255804553628,-0.0007753230165690184,-0.0018085241317749023,0.0014598871348425746,0.001499747741036117,-0.0001601882540853694,0.0014903855044394732,-2.6980584152624942e-05,-0.00027249904815107584,-0.002878593048080802,0.001146324211731553,0.00046349267358891666,-7.550056761829183e-05,-0.00044768108637072146,0.00258030672557652,0.0020218088757246733,-0.0005364131066016853,0.00018058967543765903,-0.0014231748646125197,0.001480426755733788,0.00024178717285394669,-0.0009486337658017874,0.0008767605177126825,-0.0024186251685023308,0.0002774677996058017,-6.9017141868243925e-06,-0.0007201336557045579,0.0005869233864359558,0.0007439801702275872,0.0006781886913813651,-0.0005237074801698327,-0.0016197427175939083,0.0011194337857887149,-0.001632144208997488,0.002183798234909773,0.00013773584214504808,-0.002810973674058914,0.0006639346247538924,-0.00051405857084319,0.0003717324580065906,0.000583308341447264,0.00032890381407923996,2.6505229470785707e-05,0.00010955202742479742,0.0003594928712118417,0.0023255455307662487,0.0005426558200269938,-0.001259275944903493,-0.0019194167107343674,-0.0024269225541502237,0.0007882844074629247,-0.0003912268439307809,-0.0012134352000430226,-1.0564352123765275e-05,-0.002119592158123851,-0.0012102901237085462,0.00046346805174835026
-0.0008895403589121997,-0.0004253737279213965,-0.0007274156669154763,-0.00037399973371066153,-6.0492959164548665e-05,-0.001653577433899045,-0.0017308351816609502,2.5737283067428507e-05,0.0017548168543726206,0.00039622027543373406,-0.0004339492879807949,0.0008965259185060859,0.0020776467863470316,0.001052768318913877,0.00027587139629758894,-0.0006680657970719039,0.0023273013066500425,-0.002194404834881425,0.0011029483284801245,0.004407643806189299,0.00279438984580338,0.0008434398914687335,0.00313018262386322,0.0011811688309535384,-3.4560947824502364e-05,0.0010309993522241712,-0.0006472834502346814,0.004026444163173437,0.0002916030935011804,-0.00038315082201734185,0.001271819812245667,0.002158090239390731,-0.0006588288233615458,-0.0005271416157484055,0.0022249603644013405,-0.0016728185582906008,0.0021431532222777605,0.00015116050781216472,0.002151999156922102,-0.002517507877200842,-0.0031425917986780405,0.0005288658430799842,0.0011324038496240973,0.003374925348907709,-0.0033723285887390375,-0.001335754757747054,0.0007971212035045028,0.000544417358469218,0.0013700398849323392,-0.0012646245304495096,-0.002377607161179185,0.0012150293914601207,-0.0008317379979416728,-0.0005145540344528854,1.84730834007496e-05,0.0007274973322637379,-0.0003801420971285552,0.0009179346961900592,-0.0014657726278528571,-0.0017071260372176766,0.00015768036246299744,-0.00032898224890232086,0.00045932867215014994,0.0011883400147780776,0.0013674056390300393,-0.00020274586859159172,-0.0003752430493477732,0.0005443618865683675,0.0010889529949054122,0.0005999968270771205,0.0006164240767247975,2.4555567506467924e-05,0.0005221865721978247,0.000935549265705049,-0.000768134428653866,0.00025497088790871203,-0.002386183012276888,-0.00041143904672935605,0.00011389834253350273,0.0029084435664117336,0.0006112462724559009,0.0008835257031023502,-0.0009250623406842351,0.0010039270855486393,0.0014486424624919891,0.0028903656639158726,-0.0007109840516932309,-0.0005356468027457595,0.00171163200866431,0.0008870721212588251,-0.0006628173287026584,-0.001283925143070519,0.0004053845477756113,0.00019167546997778118,-0.0017550245393067598,-0.0027837269008159637,-0.0007814163691364229,-0.00030535500263795257,-0.0018177939346060157,0.0027507911436259747
0.0015790770994499326,0.0004466588725335896,-0.001556426053866744,-0.0009057629504241049,0.0013630161993205547,0.0008451429894194007,-0.0013668288011103868,-0.0013501669745892286,0.0005834947223775089,0.0010816865833476186,0.0010121942032128572,-0.0013558152131736279,-0.00042002691770903766,-0.001362500130198896,-0.00047135481145232916,0.0016625215066596866,-0.0009885699255391955,-0.0011034944327548146,-0.0011030702153220773,-0.000966012361459434,0.00020736489386763424,0.001648915116675198,0.0006722671678289771,0.0007219479302875698,-0.001019336050376296,0.0015010235365480185,-0.0004522244562394917,0.000511710939463228,0.000712918525096029,0.000272957026027143,0.002414785325527191,-0.0001831732370192185,0.001748657668940723,-0.0001461782812839374,0.00010531406587688252,0.0002822814858518541,-9.213208250002936e-05,0.002032817341387272,0.00017552207282278687,0.0006548361270688474,-0.0010627044830471277,0.00027069367934018373,-0.001531960559077561,0.00016714734374545515,-0.0013748040655627847,-0.0004380048776511103,0.0005073369247838855,-0.0008729739929549396,0.00048265355871990323,-0.0021418151445686817,-0.0003575050795916468,-0.000441399693954736,-0.0020453629549592733,0.00028392206877470016,0.001353967236354947,0.0009124752832576632,0.00022476438607554883,-0.0012455780524760485,-0.000590699550230056,6.689652218483388e-05,-0.0002879559760913253,-0.00042149488581344485,-0.0024897069670259953,7.58567257435061e-05,-0.0016163313994184136,-0.00034037389559671283,-0.00023601873544976115,-0.0016286000609397888,-0.000493689498398453,-0.0002891549374908209,0.00027377018705010414,0.0006278909277170897,-0.0012701816158369184,6.351355114020407e-05,0.002341569634154439,0.0012225618120282888,-0.0012639625929296017,0.0007383080665022135,-0.0026481689419597387,-0.001036865753121674,0.0009511298849247396,0.001758647384122014,-0.00016264374426100403,-0.0007936860783956945,0.0014026784338057041,0.00012859415437560529,-0.0018932241946458817,0.0005841926904395223,-0.0008686395594850183,-0.0001855294540291652,0.0011787406401708722,-0.0009920980082824826,0.00213990593329072,0.0014372963923960924,0.0007314446265809238,-0.0007146680145524442,7.043492223601788e-05,0.00011692094267345965,-0.0027551879175007343,0.0009823059663176537
0.002508508274331689,0.0004428817774169147,0.00019015496945939958,-0.0011971526546403766,0.0001510631846031174,-0.0005199101287871599,-0.0017101876437664032,0.0006367568275891244,-8.722690836293623e-05,0.0009244698449037969,0.0011732620187103748,0.000261685490841046,0.0007023279904387891,1.6329715435858816e-05,0.0005257231532596052,-0.0014475048519670963,-0.0011443118564784527,-0.001500573824159801,-0.0017374533927068114,0.002245479729026556,0.0016524310922250152,-0.0005314912414178252,0.00023566697200294584,-0.0018131659599021077,-0.0003386292955838144,0.0009179877233691514,0.0013075214810669422,0.0005976937827654183,-0.0020503962878137827,0.0012408015318214893,0.0003756524238269776,0.0016727042384445667,0.0007901601493358612,-0.0006522397161461413,-0.0016403774498030543,6.221208604983985e-05,-0.00026637435075826943,-0.0022568106651306152,-0.000677831529174,0.0021434961818158627,0.0011020655510947108,-0.0017609967617318034,-0.00038249249337241054,-0.00040915168938227,0.0003301897959318012,-0.0014331069542095065,-0.0006342544802464545,-0.0005088881007395685,-0.000294537196168676,0.0007768350187689066,0.0007228818139992654,-0.0013028205139562488,-0.0003510393435135484,0.002478362061083317,-0.00013415403373073786,-0.001098756561987102,0.0018536593997851014,-0.0030134236440062523,0.001345186261460185,0.0003515726129990071,-0.0013032081769779325,0.0017230082303285599,0.0036299258936196566,-0.00010496151662664488,0.0003002842713613063,0.001033234759233892,-5.520112972590141e-05,0.0006283291731961071,0.000553812482394278,0.0015508778160437942,-0.0018469251226633787,-0.0015105389757081866,-0.000394534959923476,0.00019347168563399464,0.001056517125107348,0.0003875478287227452,-0.0012033096281811595,0.0010662421118468046,-0.00015674755559302866,0.001053503598086536,-0.0017356238095089793,4.149046435486525e-05,0.0013994473265483975,0.0006753381458111107,-0.0016714998055249453,-0.0009060196462087333,-0.0015075484989210963,-0.0002750856219790876,-0.0009266527486033738,0.002741897711530328,-0.0014434725744649768,-0.0019447830272838473,0.00020287460938561708,0.0018358274828642607,-0.0010810040403157473,0.00035937438951805234,-0.0015480746515095234,-0.0005944401491433382,-0.0008031363249756396,-0.0008897434454411268
-0.00027476486866362393,0.0009273917530663311,0.00138517701998353,0.00010156077769352123,0.0018846391467377543,-0.0012085039634257555,0.0010124760447070003,-8.961407729657367e-05,0.00012063980102539062,0.0004852030542679131,0.002350832335650921,-0.0001357683795504272,3.098692832281813e-05,0.0001045706812874414,-0.0003394691157154739,-0.001044785836711526,0.0008847731514833868,-0.0008482338162139058,-0.002147139050066471,-9.480145672569051e-05,0.0011452436447143555,-0.0008719175239093602,-0.0011060367105528712,-0.00023955822689458728,0.0003547262749634683,-0.0006355091463774443,0.0007868479588069022,0.0005725501687265933,0.001438131439499557,0.0007999697118066251,-0.0005262993508949876,0.0010362293105572462,-0.00027483137091621757,-0.0006596811581403017,-0.001720636966638267,-0.002405710518360138,-0.0018216624157503247,-0.001546609913930297,0.0006200280040502548,-0.0010844818316400051,0.0008394023170694709,0.0005768434493802488,-0.0005612558452412486,0.0028602054808288813,-0.0004806749930139631,-0.002261778572574258,0.0017224368639290333,0.0018345322459936142,2.083189428958576e-06,0.0010035063605755568,0.0013626577565446496,3.475426638033241e-05,0.0013467458775267005,0.0006153768626973033,0.0009428722551092505,0.000724250334315002,0.0006207749247550964,0.0009856014512479305,0.0001306542835664004,-0.0010991535382345319,-0.00097545055905357,0.0009466424235142767,-0.002422424266114831,0.001747497241012752,0.0006425081519410014,-0.001329990685917437,0.0010016283486038446,-0.0010662508429959416,0.0012227800907567143,-0.0007708448683843017,-0.0007892998983152211,-0.0020307195372879505,-0.0007496575708501041,-0.001257623080164194,0.000696480565238744,0.00035836841561831534,-0.001099953893572092,-8.52282319101505e-05,0.0006549473037011921,6.689014844596386e-05,0.00014767941320315003,0.00016715546371415257,-3.6786037526326254e-05,0.0001617588713997975,0.0019158697687089443,0.00040055130375549197,5.5449727369705215e-05,0.0007449070690199733,0.0004919406492263079,0.0012922694440931082,0.0016911772545427084,0.0011942334240302444,-0.0005725930095650256,-0.0009044336620718241,-0.0007782193133607507,0.0013308828929439187,-3.362980714882724e-05,-0.0013464997755363584,0.0015184481162577868,-0.00024629433755762875
-0.0008571345242671669,0.0013930521672591567,-0.001328220940195024,0.0016156670171767473,-0.0017558515537530184,0.0024377682711929083,-4.308281404519221e-06,-0.0013614933704957366,0.0014272175030782819,-0.002117472467944026,-0.0026068382430821657,0.0008451426983810961,0.0012848704354837537,0.00026221692678518593,0.00022806516790296882,0.0003138859465252608,-0.0008832482271827757,-0.0013117060298100114,-6.080322418711148e-05,-0.002874852390959859,-0.001795747666619718,-0.000415538641391322,-0.00032783992355689406,-0.00108638359233737,-0.0008212607353925705,-0.0007537323981523514,-0.002931555500254035,0.00038797498564235866,-0.0001290179934585467,-0.0012763633858412504,2.7829015380120836e-05,3.174313314957544e-05,-0.0011082622222602367,-0.0009141056216321886,0.0019458320457488298,-0.00045464816503226757,-0.0010472881840541959,0.003216193988919258,0.003171216696500778,-0.0004375099379103631,-0.00026355157024227083,-0.0004520215734373778,0.0007237580721266568,-0.00043142467620782554,-0.0018026891630142927,0.001149286748841405,0.001942959032021463,-0.004878506995737553,0.0004871173296123743,-0.0009268680587410927,-0.0027576147112995386,-0.0015988044906407595,0.000751123356167227,-7.428890967275947e-05,-0.001418634899891913,-0.001638489426113665,0.0011272112606093287,0.00029599544359371066,-0.0010285935131832957,0.003291392233222723,0.0022649073507636786,0.0005282469792291522,-0.00012951613462064415,0.0017068324377760291,0.0004067816480528563,-0.0016826906939968467,0.00283725350163877,-0.000154371969983913,0.000618548016063869,-0.002364820335060358,-0.0015151750994846225,-0.0026684794574975967,0.002549018943682313,-0.0010903048096224666,-0.0003880747244693339,0.0012286178534850478,0.00317397341132164,0.00017223476606886834,0.0036896374076604843,0.0016233032802119851,-0.0005240992759354413,0.0009334507631137967,-0.0001388275995850563,0.0004986670101061463,0.0006636414327658713,0.002014147350564599,-0.0008710688562132418,-0.0013864979846403003,-0.0004463260993361473,0.0004939919454045594,-0.00011854116746690124,-0.000986086786724627,0.0006332577322609723,-0.001118211424909532,-9.373784996569157e-05,0.00029005177202634513,-0.0012731858296319842,0.0003687313583213836,-0.002595790196210146,-0.00035785595537163317
0.00015984202036634088,-0.00047752767568454146,0.002156280679628253,0.000509688921738416,0.00023696941207163036,2.3022726963972673e-05,-0.0003355767694301903,-0.0008824856486171484,-0.00013135503104422241,-0.0007736482075415552,-0.0003146884264424443,-0.001959076151251793,-0.0003695246996358037,-0.00019164812692906708,-0.002209864556789398,0.00019723500008694828,-0.0011342220241203904,0.0011595827527344227,0.002986179431900382,-3.5088400181848556e-05,4.994476057618158e-06,0.002139928750693798,0.0009500719606876373,0.0028282171115279198,0.0012489684158936143,-0.0008671965915709734,0.0012102931505069137,-0.0004279977292753756,0.0010015679290518165,-0.000874804041814059,0.0018232621951028705,0.0011439291993156075,0.0007489434792660177,0.00043763298890553415,0.0010313899256289005,-0.0015455925604328513,0.0010286802425980568,-0.0006358699174597859,-1.1609259672695771e-05,0.00063259870512411,-0.0030802630353718996,-0.0018389932811260223,-0.0009834360098466277,0.0031094616279006004,-0.0011028146836906672,-0.0021106477361172438,-0.0014617121778428555,-0.0025846336502581835,0.0010011610575020313,0.00036537088453769684,0.00038209123886190355,0.0012755210045725107,-0.001389640849083662,0.0008145345491357148,-0.00014501211990136653,-0.0007503696833737195,-8.939048711908981e-05,-0.0006897546700201929,-0.000792201841250062,0.0005198346916586161,0.00215971190482378,-0.00021687951812054962,-0.0005523437284864485,0.0004959109355695546,-0.0019505585078150034,-0.0007968879654072225,-0.0007096678018569946,-0.0010363046312704682,0.0008288152748718858,0.0014239160809665918,0.0011484981514513493,-0.0017769845435395837,-0.0009154643048532307,0.0009099385933950543,-0.0017094045178964734,-0.0009993014391511679,-0.00047941686352714896,-0.00019776834233198315,-0.0012491160305216908,-0.0008330282289534807,-0.0003744275600183755,0.00013561629748437554,0.00019010523101314902,0.001801797072403133,-0.0008086031884886324,0.0007304981118068099,-0.00034584125387482345,0.00044880248606204987,9.50486064539291e-05,-0.0005652093095704913,6.859283894300461e-05,-0.00026811540010385215,0.0005277277668938041,-0.00011490308679640293,-0.0006780661060474813,-0.0008747025276534259,-0.0011691534891724586,8.857218927005306e-05,-0.002738374751061201,-0.0003222465165890753
-0.001312370179221034,-0.0015285692643374205,0.003125792136415839,0.0003790478513110429,0.00299385329708457,-0.0015208409167826176,-0.00033007693127729,0.00041599536780267954,0.0015774647472426295,0.000983998877927661,0.0009491059463471174,0.00048357032937929034,-0.002813369734212756,-0.0023602498695254326,0.0004277061962056905,-0.0013084313832223415,0.00149065803270787,-0.00041565560968592763,0.0018330776365473866,-0.00024349965678993613,0.000644071726128459,-0.0008788874256424606,0.001111833960749209,-0.0010620071552693844,0.002888564020395279,5.537070319405757e-05,-0.0006339673418551683,-0.0022566411644220352,0.0016036402666941285,-0.0006610824493691325,2.4424971343250945e-05,0.000771067279856652,-0.001314722467213869,0.0012965640053153038,0.0023227122146636248,-0.002239701570942998,0.003722273511812091,-0.0005695038707926869,-0.00016734479868318886,-0.0001985371927730739,0.0017923194682225585,0.0008591000223532319,0.00013909734843764454,0.0011273255804553628,-0.0007753230165690184,-0.0018085241317749023,0.0014598871348425746,0.001499747741036117,-0.0001601882540853694,0.0014903855044394732,-2.6980584152624942e-05,-0.00027249904815107584,-0.002878593048080802,0.001146324211731553,0.00046349267358891666,-7.550056761829183e-05,-0.00044768108637072146,0.00258030672557652,0.0020218088757246733,-0.0005364131066016853,0.00018058967543765903,-0.0014231748646125197,0.001480426755733788,0.00024178717285394669,-0.0009486337658017874,0.0008767605177126825,-0.0024186251685023308,0.0002774677996058017,-6.9017141868243925e-06,-0.0007201336557045579,0.0005869233864359558,0.0007439801702275872,0.0006781886913813651,-0.0005237074801698327,-0.0016197427175939083,0.0011194337857887149,-0.001632144208997488,0.002183798234909773,0.00013773584214504808,-0.002810973674058914,0.0006639346247538924,-0.00051405857084319,0.0003717324580065906,0.000583308341447264,0.00032890381407923996,2.6505229470785707e-05,0.00010955202742479742,0.0003594928712118417,0.0023255455307662487,0.0005426558200269938,-0.001259275944903493,-0.0019194167107343674,-0.0024269225541502237,0.0007882844074629247,-0.0003912268439307809,-0.0012134352000430226,-1.0564352123765275e-05,-0.002119592158123851,-0.0012102901237085462,0.00046346805174835026
-0.0008895403589121997,-0.0004253737279213965,-0.0007274156669154763,-0.00037399973371066153,-6.0492959164548665e-05,-0.001653577433899045,-0.0017308351816609502,2.5737283067428507e-05,0.0017548168543726206,0.00039622027543373406,-0.0004339492879807949,0.0008965259185060859,0.0020776467863470316,0.001052768318913877,0.00027587139629758894,-0.0006680657970719039,0.0023273013066500425,-0.002194404834881425,0.0011029483284801245,0.004407643806189299,0.00279438984580338,0.0008434398914687335,0.00313018262386322,0.0011811688309535384,-3.4560947824502364e-05,0.0010309993522241712,-0.0006472834502346814,0.004026444163173437,0.0002916030935011804,-0.00038315082201734185,0.001271819812245667,0.002158090239390731,-0.0006588288233615458,-0.0005271416157484055,0.0022249603644013405,-0.0016728185582906008,0.0021431532222777605,0.00015116050781216472,0.002151999156922102,-0.002517507877200842,-0.0031425917986780405,0.0005288658430799842,0.0011324038496240973,0.003374925348907709,-0.0033723285887390375,-0.001335754757747054,0.0007971212035045028,0.000544417358469218,0.0013700398849323392,-0.0012646245304495096,-0.002377607161179185,0.0012150293914601207,-0.0008317379979416728,-0.0005145540344528854,1.84730834007496e-05,0.0007274973322637379,-0.0003801420971285552,0.0009179346961900592,-0.0014657726278528571,-0.0017071260372176766,0.00015768036246299744,-0.00032898224890232086,0.00045932867215014994,0.0011883400147780776,0.0013674056390300393,-0.00020274586859159172,-0.0003752430493477732,0.0005443618865683675,0.0010889529949054122,0.0005999968270771205,0.0006164240767247975,2.4555567506467924e-05,0.0005221865721978247,0.000935549265705049,-0.000768134428653866,0.00025497088790871203,-0.002386183012276888,-0.00041143904672935605,0.00011389834253350273,0.0029084435664117336,0.0006112462724559009,0.0008835257031023502,-0.0009250623406842351,0.0010039270855486393,0.0014486424624919891,0.0028903656639158726,-0.0007109840516932309,-0.0005356468027457595,0.00171163200866431,0.0008870721212588251,-0.0006628173287026584,-0.001283925143070519,0.0004053845477756113,0.00019167546997778118,-0.0017550245393067598,-0.0027837269008159637,-0.0007814163691364229,-0.00030535500263795257,-0.0018177939346060157,0.0027507911436259747
0.0015935358824208379,0.00015767166041769087,6.471676169894636e-05,0.0001645128068048507,0.0016829818487167358,-0.0006436323747038841,-0.0002501917479094118,-0.0016562602249905467,0.00030914132366888225,-0.0016796146519482136,0.001123592839576304,6.19393540546298e-05,0.0009886372135952115,0.00017939586541615427,0.0026570111513137817,0.0005012314068153501,0.0006174128502607346,0.0016153139295056462,-0.0012678300263360143,0.0005530188209377229,-7.699446723563597e-05,0.0013385977363213897,-0.0005718123866245151,-0.000346307730069384,3.085237767663784e-05,-0.001025076606310904,-0.0004944357788190246,-0.0020018762443214655,-7.256293883983744e-06,-0.00021473984816111624,-0.00032272477983497083,0.00046163375372998416,-0.0012904814211651683,6.145458883111132e-06,-0.0007296707481145859,-0.00103455048520118,0.0011519092367962003,0.0015334185445681214,-0.0009332194458693266,-8.543911098968238e-05,0.0008933926583267748,-0.0009914976544678211,-0.0007824316853657365,0.0010506745893508196,-0.0003368346660863608,0.0005048317834734917,0.001956004649400711,0.003418184584006667,0.0007247051107697189,0.0016562518430873752,-0.0007833386189304292,-0.0010458012111485004,-0.0006175849121063948,-0.001910467748530209,-0.0009476288687437773,0.0003664800024125725,-0.0015323900151997805,0.00047948432620614767,4.676225580624305e-05,0.002339390804991126,0.0024828361347317696,0.0008813778404146433,-0.0009408900514245033,-0.001215175841934979,-0.0013660327531397343,-0.00024213366850744933,0.0012762917904183269,-0.0007938433554954827,8.322658686665818e-06,-0.0005024999263696373,-7.810496754245833e-05,0.0007861336343921721,0.0007427060627378523,0.0012957453727722168,0.0020987100433558226,-0.0008573942468501627,-0.00028850158560089767,-9.729389421408996e-05,-0.0006455148104578257,0.0025456110015511513,0.0004413098795339465,-0.0012460463913157582,-0.0006459635915234685,0.00012561408220790327,-0.00016788332141004503,-0.0010228281607851386,0.00017061061225831509,0.0008018818334676325,0.0016061401693150401,0.001356925698928535,0.00010806440695887432,0.0001249303895747289,0.001312779146246612,6.80745579302311e-05,0.0013969212304800749,0.0005257399170659482,5.436714127426967e-05,0.0005207013455219567,0.0017572775250300765,0.002130763605237007
0.002561402041465044,0.00125414808280766,0.0005536829121410847,0.0011467001168057323,0.001067139208316803,-2.3366894311038777e-05,0.0014284519711509347,0.00010563492105575278,0.0005509906332008541,0.0004886250244453549,0.002063511870801449,0.0019900058396160603,-8.190276275854558e-05,-0.00016621088434476405,0.000886488996911794,0.0005279371980577707,-0.0018309560837224126,-0.0005980796413496137,-0.00015265301044564694,0.000363137514796108,0.0021432549692690372,-0.002253173850476742,-0.0007552701281383634,-0.0010334468679502606,0.00036031712079420686,0.002379939891397953,0.0008895340724848211,0.0007637453963980079,0.0007300159195438027,-0.00023271478130482137,0.0018371245823800564,0.0005130687495693564,-0.00021583422494586557,0.0017097537638619542,-0.0009308963199146092,0.000976811395958066,0.0017642182065173984,-0.0008608323405496776,8.254032582044601e-05,-1.3275393939693458e-05,2.9989482754899655e-06,0.0002517287211958319,-0.0023631113581359386,-0.00037177681224420667,0.0018165732035413384,-0.0009521320462226868,0.0010260199196636677,-0.0009229406132362783,-0.002611074596643448,0.002009195974096656,-0.00035957692307420075,0.0009938026778399944,-0.0012676481856033206,3.0448243705905043e-05,0.002443530596792698,-0.0012063919566571712,0.0016239396063610911,0.000804860086645931,-0.0011192129459232092,-0.0005887795705348253,-1.0645733709679917e-05,-0.0009457949781790376,-5.685168071067892e-05,-0.00011652226385194808,0.0003925858763977885,0.0009132394916377962,-0.00035018284688703716,0.0001190280745504424,0.000529665092471987,-0.0017691978719085455,0.0018985536880791187,-0.0011084084399044514,0.0008304687216877937,-0.002375529147684574,-3.812170325545594e-05,-0.0018402051646262407,0.0012482248712331057,0.0006337835220620036,0.001061570132151246,0.0021317454520612955,0.0006176720489747822,0.0023674096446484327,-0.0020777808967977762,-0.00023125747975427657,0.0006223655655048788,0.0010232602944597602,-0.000775057531427592,-0.0008734092698432505,0.0017612379742786288,-0.0014939443208277225,-0.0004210430197417736,0.0006205346435308456,-0.00026681451709009707,-0.0007453438593074679,0.0013469260884448886,0.00010216028022114187,-0.0007693249499425292,-0.0002608294889796525,-0.00031617176136933267,-0.0003269118897151202
-0.0017992607317864895,0.0020646420307457447,0.0004914451856166124,-0.0007167044677771628,-0.0012595407897606492,-0.00115236546844244,0.0009441629517823458,-0.003123205853626132,-0.0010273059597238898,0.0004295888647902757,0.0009915395639836788,-0.0010504184756428003,0.0005945859011262655,0.00131587206851691,-0.0006097832228988409,-0.0006708577275276184,-0.0007434349972754717,0.0009471552912145853,-0.0022938295733183622,-3.766821464523673e-05,0.0011050048051401973,0.002928175264969468,0.0004455376765690744,-0.0003656335175037384,0.0010516148759052157,0.0014098535757511854,0.0014355808962136507,-0.0005519141559489071,0.0014657187275588512,0.0017387347761541605,-0.000899692066013813,0.0026327327359467745,0.00018517437274567783,0.0008260960457846522,-0.0016102351946756244,-0.0012468709610402584,0.0018840932752937078,-0.00011154884850839153,0.0010432671988382936,0.002249182900413871,0.0019644401036202908,-0.0005581628647632897,-0.001380230882205069,0.0018348818412050605,-0.0013555185869336128,-0.001050007063895464,-0.0032378071919083595,0.0005160764558240771,0.001373844686895609,0.0008543831063434482,-0.002316433936357498,-0.0013192109763622284,-0.0006792944623157382,0.0034664804115891457,-0.0006636457401327789,-0.0016890163533389568,-0.003551292233169079,0.002085381420329213,-0.0024772165343165398,-0.0009826717432588339,0.0028594841714948416,-0.0021300530061125755,-0.0015112566761672497,0.000764204072766006,0.0006043373141437769,0.0005125054740346968,0.0005129968049004674,-0.0019519614288583398,-0.0008851839229464531,0.0024698576889932156,0.0007508709677495062,-0.0003827882756013423,-0.000837404397316277,5.723494541598484e-05,0.0020662364549934864,-0.0002560751745477319,0.0008065677247941494,-0.00014807718980591744,0.0006124570500105619,0.0009419509442523122,0.0026129228062927723,0.0008751606219448149,-0.0012055322295054793,-0.000990708009339869,0.0014973708894103765,-0.0004791902028955519,0.0009552693809382617,0.0004742548626381904,0.00030851599876768887,-0.0025464079808443785,-0.0020727282389998436,0.0015588284004479647,0.0012326834257692099,-0.0006471591186709702,-0.0014997479738667607,0.001130386139266193,0.0008360237698070705,-0.002497474430128932,-0.0010987217538058758,0.0008277375600300729
0.0006092378753237426,-0.002859230851754546,0.0017642851453274488,0.0014692108379676938,0.001329199061729014,0.0019139954820275307,-0.001195895136334002,0.0001619439135538414,-0.0025442184414714575,-0.00048284372314810753,-0.00018670600547920913,-0.0002948344626929611,-0.0028996989130973816,-0.0008595354738645256,-0.0009559402242302895,-0.00012712171883322299,-0.0019356801640242338,-0.0012993402779102325,0.0008373027667403221,0.00357787124812603,0.001022702781483531,0.0008830771548673511,-0.0021743103861808777,-0.001290920889005065,-0.0024871635250747204,-0.0013265754096210003,-0.0016324191819876432,7.917788025224581e-05,0.0011429981095716357,0.0004146418650634587,0.0007781026652082801,-0.00027428389876149595,-0.00038389567635022104,0.0014600477879866958,-0.00021593105338979512,-0.0007368317455984652,0.0017782030627131462,0.0011798891937360168,-0.0019160027150064707,6.400719576049596e-05,-0.0035298652946949005,-0.0012583129573613405,0.000893500167876482,-3.4538541513029486e-05,0.00010397536971140653,-0.001740207546390593,0.0002076759992633015,0.000758818001486361,0.0007037900504656136,0.0030946743208914995,0.00020064534328412265,-0.0005187003407627344,0.0013825545320287347,-0.000506916141603142,0.0006273997714743018,-0.0007010641857050359,-0.0006790803745388985,0.001896766247227788,-0.0012752162292599678,-0.0007059091585688293,-0.0018178310710936785,-0.0002988791966345161,-0.002438765484839678,0.00017385395767632872,-0.0028719049878418446,-0.0021901833824813366,-0.0003372355713509023,0.0019559047650545835,-0.003836971940472722,-0.0021071499213576317,0.002794028492644429,0.003270139452069998,0.0009835417149588466,-0.001766671659424901,0.002451772801578045,0.0010435808217152953,-0.0029160301201045513,0.0018663022201508284,0.0007870172848924994,0.001975036459043622,-0.0016603883123025298,-0.00029194343369454145,-0.003713174955919385,0.0009667198173701763,-2.78115039691329e-05,-0.0013599939411506057,-0.00011510460171848536,-0.0017332688439637423,-3.98158317693742e-06,0.0017126932507380843,-0.004013209603726864,0.0016751574585214257,-0.001557348296046257,-0.0022324323654174805,-0.0005334696616046131,-0.0012460745638236403,0.0008123178267851472,0.002199729671701789,0.001464266562834382,-7.18114897608757e-05
7.85734664532356e-06,-0.00018997467122972012,0.0006604644586332142,0.0004742968885693699,-0.0014704536879435182,-0.001651545288041234,0.001357330591417849,-0.0014381997752934694,0.002503910567611456,0.0012157745659351349,0.0016907203244045377,-0.00034170327126048505,0.0009423033916391432,0.0008376281475648284,-2.3955781216500327e-05,-0.0011783774243667722,-0.0001894836750579998,-0.0015086550265550613,-0.00156690482981503,0.0003264489641878754,-0.0013538943603634834,-0.0003202052030246705,-0.00024534077965654433,-4.322576933191158e-05,0.0017899940721690655,0.0011042465921491385,-0.000966975640039891,-0.00038336438592523336,0.0013579585356637836,-0.00015951042587403208,-0.00019130660803057253,0.0008149512577801943,-0.0011947526363655925,-0.002158333081752062,-7.391058170469478e-05,-0.001708784606307745,0.0033372065518051386,-0.0003535040596034378,-0.0008736393065191805,0.0005887395236641169,0.0008441729005426168,-0.000658741279039532,-0.001138769555836916,-0.0004686341853812337,0.0017412141896784306,0.0010429109679535031,-0.00011384214303689077,-0.000697266950737685,-0.0016741983126848936,-0.00010936934995697811,-0.0005327004473656416,0.00010293032391928136,-0.0010751622030511498,0.001829476561397314,-0.0018358263187110424,0.0011763257207348943,-0.002707022475078702,-0.0011653575347736478,-0.0014618020504713058,-0.00018213292059954256,0.000648986897431314,-0.0021923824679106474,-0.0008168179192580283,-0.0020664704497903585,-0.0006567604141309857,0.0004629292234312743,-0.0005344116943888366,-0.0017265971982851624,6.464961916208267e-05,-0.0011039436794817448,0.0016444585053250194,-0.0008208201616071165,-0.0030612291302531958,-0.0013686501188203692,-0.0007975143962539732,-0.00235606636852026,-0.0011394846951588988,-0.0009516699356026947,-0.00027600498287938535,-0.0005689267418347299,-0.0006408574408851564,0.0005836015334352851,-0.002234172308817506,0.0022037385497242212,0.00011264520435361192,-0.00011644603364402428,0.00019122762023471296,-0.0007281893631443381,-0.00011783924855990335,-0.0012485719053074718,0.00040888049989007413,-0.001048640231601894,-0.0007849286776036024,-0.0007596368086524308,0.002152325352653861,-1.1018139048246667e-05,0.001294430228881538,-0.0002640501770656556,-0.0012439709389582276,0.0017221830785274506
0.0015790770994499326,0.0004466588725335896,-0.001556426053866744,-0.0009057629504241049,0.0013630161993205547,0.0008451429894194007,-0.0013668288011103868,-0.0013501669745892286,0.0005834947223775089,0.0010816865833476186,0.0010121942032128572,-0.0013558152131736279,-0.00042002691770903766,-0.001362500130198896,-0.00047135481145232916,0.0016625215066596866,-0.0009885699255391955,-0.0011034944327548146,-0.0011030702153220773,-0.000966012361459434,0.00020736489386763424,0.001648915116675198,0.0006722671678289771,0.0007219479302875698,-0.001019336050376296,0.0015010235365480185,-0.0004522244562394917,0.000511710939463228,0.000712918525096029,0.000272957026027143,0.002414785325527191,-0.0001831732370192185,0.001748657668940723,-0.0001461782812839374,0.00010531406587688252,0.0002822814858518541,-9.213208250002936e-05,0.002032817341387272,0.00017552207282278687,0.0006548361270688474,-0.0010627044830471277,0.00027069367934018373,-0.001531960559077561,0.00016714734374545515,-0.0013748040655627847,-0.0004380048776511103,0.0005073369247838855,-0.0008729739929549396,0.00048265355871990323,-0.0021418151445686817,-0.0003575050795916468,-0.000441399693954736,-0.0020453629549592733,0.00028392206877470016,0.001353967236354947,0.0009124752832576632,0.00022476438607554883,-0.0012455780524760485,-0.000590699550230056,6.689652218483388e-05,-0.0002879559760913253,-0.00042149488581344485,-0.0024897069670259953,7.58567257435061e-05,-0.0016163313994184136,-0.00034037389559671283,-0.00023601873544976115,-0.0016286000609397888,-0.000493689498398453,-0.0002891549374908209,0.00027377018705010414,0.0006278909277170897,-0.0012701816158369184,6.351355114020407e-05,0.002341569634154439,0.0012225618120282888,-0.0012639625929296017,0.0007383080665022135,-0.0026481689419597387,-0.001036865753121674,0.0009511298849247396,0.001758647384122014,-0.00016264374426100403,-0.0007936860783956945,0.0014026784338057041,0.00012859415437560529,-0.0018932241946458817,0.0005841926904395223,-0.0008686395594850183,-0.0001855294540291652,0.0011787406401708722,-0.0009920980082824826,0.00213990593329072,0.0014372963923960924,0.0007314446265809238,-0.0007146680145524442,7.043492223601788e-05,0.00011692094267345965,-0.0027551879175007343,0.0009823059663176537
0.0010248972102999687,-0.0006664880202151835,0.0018593160202726722,0.0009280525846406817,0.0002520382695365697,0.0015056851552799344,0.0003200097708031535,-0.00023656322446186095,-0.0010774875991046429,0.0005011685425415635,0.0007822583429515362,-0.0015617379685863853,9.524532288196497e-06,0.0004967431304976344,0.0016013524727895856,0.0017990985652431846,-0.0009273395990021527,-0.002027613576501608,-0.0013269888004288077,-0.00029222536250017583,0.0014271336840465665,0.0010160414967685938,-0.0002590316580608487,0.0019272632198408246,0.0009687014971859753,0.0019608817528933287,-0.0033056160900741816,-0.0003113027778454125,-0.0024046925827860832,0.00024358549853786826,-0.003142331261187792,-0.0009983298368752003,-0.0001349336380371824,0.00033407972659915686,0.001358171459287405,4.545012052403763e-05,0.0015704737743362784,0.00013080825738143176,-0.0007622675038874149,-0.0012795213842764497,0.00031043135095387697,0.0004909365670755506,0.00024185096845030785,0.0009300409583374858,0.0006834206287749112,-0.001949617639183998,0.0003335403453093022,0.0006677346536889672,0.004014312755316496,0.0003708075964823365,-0.0013662859564647079,0.00029056178755126894,-0.0006022581364959478,-0.0009815803496167064,0.0009421159629710019,-0.0005197064601816237,0.0008599240682087839,0.00019694966613315046,0.0001248928892891854,-0.0018463025335222483,-0.0011124290758743882,0.0005629368824884295,0.0014305466320365667,0.00037599963252432644,1.5076353520271368e-05,0.0029509577434509993,0.001864780206233263,-0.00020764421788044274,-0.0018835063092410564,0.0007832538685761392,-0.0005365401157177985,0.002693012822419405,-0.001426778151653707,-0.0008206430356949568,0.0005362220108509064,-0.0006807369645684958,-0.0036200073082000017,0.00017849687719717622,0.0012656389735639095,0.0008190267253667116,0.0002638759615365416,-0.001002427889034152,3.3731274015735835e-05,9.308502194471657e-05,4.376559081720188e-05,-0.000695262395311147,0.0001382576592732221,-0.0017248698277398944,0.002158402232453227,0.0005032630870118737,-0.00031691923504695296,2.52588652074337e-05,-0.0033456184901297092,0.0030177170410752296,-0.00010221388220088556,0.0011805279646068811,0.000532756035681814,-0.00032189872581511736,-0.0006508512888103724,-0.0019065503729507327
0.002508508274331689,0.0004428817774169147,0.00019015496945939958,-0.0011971526546403766,0.0001510631846031174,-0.0005199101287871599,-0.0017101876437664032,0.0006367568275891244,-8.722690836293623e-05,0.0009244698449037969,0.0011732620187103748,0.000261685490841046,0.0007023279904387891,1.6329715435858816e-05,0.0005257231532596052,-0.0014475048519670963,-0.0011443118564784527,-0.001500573824159801,-0.0017374533927068114,0.002245479729026556,0.0016524310922250152,-0.0005314912414178252,0.00023566697200294584,-0.0018131659599021077,-0.0003386292955838144,0.0009179877233691514,0.0013075214810669422,0.0005976937827654183,-0.0020503962878137827,0.0012408015318214893,0.0003756524238269776,0.0016727042384445667,0.0007901601493358612,-0.0006522397161461413,-0.0016403774498030543,6.221208604983985e-05,-0.00026637435075826943,-0.0022568106651306152,-0.000677831529174,0.0021434961818158627,0.0011020655510947108,-0.0017609967617318034,-0.00038249249337241054,-0.00040915168938227,0.0003301897959318012,-0.0014331069542095065,-0.0006342544802464545,-0.0005088881007395685,-0.000294537196168676,0.0007768350187689066,0.0007228818139992654,-0.0013028205139562488,-0.0003510393435135484,0.002478362061083317,-0.00013415403373073786,-0.001098756561987102,0.0018536593997851014,-0.0030134236440062523,0.001345186261460185,0.0003515726129990071,-0.0013032081769779325,0.0017230082303285599,0.0036299258936196566,-0.00010496151662664488,0.0003002842713613063,0.001033234759233892,-5.520112972590141e-05,0.0006283291731961071,0.000553812482394278,0.0015508778160437942,-0.0018469251226633787,-0.0015105389757081866,-0.000394534959923476,0.00019347168563399464,0.001056517125107348,0.0003875478287227452,-0.0012033096281811595,0.0010662421118468046,-0.00015674755559302866,0.001053503598086536,-0.0017356238095089793,4.149046435486525e-05,0.0013994473265483975,0.0006753381458111107,-0.0016714998055249453,-0.0009060196462087333,-0.0015075484989210963,-0.0002750856219790876,-0.0009266527486033738,0.002741897711530328,-0.0014434725744649768,-0.0019447830272838473,0.00020287460938561708,0.0018358274828642607,-0.0010810040403157473,0.00035937438951805234,-0.0015480746515095234,-0.0005944401491433382,-0.0008031363249756396,-0.0008897434454411268
0.0002426436694804579,-0.0003167078539263457,-0.0006373891956172884,-0.00026957489899359643,0.0009587744134478271,-0.00013187274453230202,0.0010747539345175028,0.0018561381148174405,0.0003343098214827478,0.0021838219836354256,0.002101025776937604,-0.0004853555583395064,0.002178699243813753,-0.000755782297346741,0.001711572171188891,-0.001127699506469071,-0.0020899728406220675,4.454570807865821e-05,0.0006385819287970662,0.000510203477460891,-0.0001668202894506976,-0.001115247723646462,-0.0007392340921796858,-0.0012871689395979047,-0.001205422100611031,-0.0011031387839466333,-0.0010167522123083472,0.0020970371551811695,-0.0011678620940074325,0.0018165621440857649,0.0021797933150082827,0.0008080670377239585,0.0004965480184182525,-0.00039984023896977305,-0.0019951045978814363,0.0006244223332032561,-0.000970555585809052,0.0002992437221109867,-0.0017154195811599493,-0.0010278091067448258,0.0018858978291973472,0.0016497767064720392,-0.00029891080339439213,0.00024720942019484937,-0.0024519432336091995,-0.001911601866595447,-0.0004651230410672724,-0.0006948690861463547,-0.002945115091279149,-0.0004976738127879798,-0.0035498272627592087,-0.0002869335003197193,-0.0005339658237062395,-0.0007496405742131174,-0.0006362718413583934,-0.0009768875315785408,-0.0011680227471515536,-0.0033131297677755356,-0.0005421554087661207,0.00026608904590830207,0.0017273245612159371,0.00032095276401378214,-0.0005972289363853633,0.0011530652409419417,0.001996206119656563,-0.002933336654677987,-0.001515642856247723,0.0008564894087612629,0.002202387200668454,-0.000405703583965078,0.0023968536406755447,0.00172046956140548,0.003115053754299879,0.002064857864752412,-0.00016400044842157513,0.00026759799220599234,0.001443758956156671,-0.0006458462448790669,8.448416338069364e-05,0.0009283534018322825,0.0005381434457376599,-0.0028996742330491543,5.255521318758838e-05,-0.0005279797478578985,-0.0028365778271108866,0.0011759508633986115,0.0005678082234226167,-0.00011609667853917927,0.002157394075766206,-0.00022170892043504864,-0.0027472968213260174,-0.0010999636724591255,-0.0011939648538827896,0.00043890142114833,-0.0021613866556435823,5.4247037041932344e-05,-0.0018234731396660209,-0.0031248664017766714,0.0018694649916142225,0.002409048145636916
0.0001453224685974419,0.00025914557045325637,-0.00280753243714571,0.0001238198601640761,-0.0010807584039866924,0.0005622037569992244,0.0020432909950613976,0.00019802343740593642,0.00010164795821765438,6.752440822310746e-05,0.00023360757040791214,0.00015677750343456864,0.001536496332846582,0.0007501273066736758,-0.0015384735306724906,0.0014614983228966594,-0.0004089122812729329,-0.0003760035615414381,-1.2327213880780619e-05,0.00015745757264085114,-0.0009211723227053881,0.0001165107823908329,0.0003049249935429543,-0.0014499002136290073,0.0007956637418828905,0.00026319295284338295,0.0006454295944422483,-0.0013590933522209525,0.0009395931265316904,0.0004154377384111285,-0.0013968838611617684,0.0001485305547248572,0.00043370702769607306,-0.00018515301053412259,0.0010191240580752492,-0.0009906241903081536,0.0009521670290268958,-0.001046151970513165,-8.527805039193481e-05,-0.0008574806852266192,-0.0017610647482797503,0.0028518608305603266,0.0006629665149375796,0.0007043623481877148,-4.469321356737055e-05,-0.0004185737343505025,0.00019128098210785538,0.00047043876838870347,-0.00025224918499588966,-0.0011465245625004172,-0.001479524653404951,-0.001534252893179655,0.0009746176656335592,-0.001271708169952035,-0.001431125681847334,-0.0032058837823569775,0.0014208181528374553,-0.00045862182741984725,0.0017960495315492153,-0.0007860666955821216,0.0004935440956614912,0.0010749339126050472,-0.000548674026504159,0.002303848974406719,0.0012623461661860347,0.0016965073300525546,0.0008427407592535019,-5.6153421610360965e-05,0.0007071025320328772,0.0004425648075994104,-0.00032249168725684285,-0.0012659794883802533,1.989827615034301e-05,0.0011518606916069984,-0.00029655927210114896,0.0007106580305844545,0.0008185638580471277,0.0009534935234114528,-0.003125236602500081,-0.002058892510831356,0.001159959239885211,-0.0021033338271081448,0.0008653427939862013,0.00022881128825247288,-0.0007598284864798188,0.0001015130037558265,-0.0006346493610180914,0.0012140392791479826,6.997724995017052e-06,-0.0009341933182440698,-0.000725483288988471,0.0012836339883506298,0.0012126925867050886,-0.0017519481480121613,0.0001424982474418357,0.0014130589552223682,1.6345280528184958e-05,0.0009002980659715831,-0.0006079073064029217,-0.0003542155318427831
0.001011100597679615,-0.0012122060870751739,0.001287432387471199,-0.0011849310249090195,-0.0017885689157992601,0.00047886575339362025,-0.0024302348028868437,-0.00039121261215768754,-0.0007260754937306046,0.0012884823372587562,0.00037528551183640957,0.0008760977652855217,0.003712604520842433,0.0010542536620050669,-0.0026917504146695137,0.0028996975161135197,-0.0014859284274280071,0.001930582569912076,0.00020140274136792868,-0.0002473960048519075,0.00497436011210084,0.00013502858928404748,-0.0009080857271328568,-0.004358620382845402,-0.0021385462023317814,0.000721969990991056,0.002224396215751767,-0.0015362405683845282,5.713654536521062e-05,-7.211729098344222e-05,0.0013501511421054602,-0.0018482994055375457,-0.004311082419008017,0.0014990849886089563,0.0006292399484664202,-0.0001402937778038904,0.0026502173859626055,-0.001283136778511107,-0.0014872865285724401,0.0031325097661465406,0.0006837045657448471,-0.0006482205353677273,-0.002389458939433098,0.0010576416971161962,0.0014149355702102184,0.0023915369529277086,0.002558882348239422,0.0014534028014168143,-0.003510342910885811,-0.0019599217921495438,-0.00037488219095394015,-0.0009542253683321178,-0.0009132433915510774,-0.0022451509721577168,-0.0009094973793253303,-0.004525112919509411,0.0004802873299922794,2.100274468830321e-05,-0.0018227717373520136,-0.0027139096055179834,0.0005325134261511266,-0.0020362501963973045,-0.0029606453608721495,0.00032750004902482033,0.0008810574072413146,0.0007752006640657783,0.0002543611917644739,0.001107214018702507,-1.90669197763782e-05,0.0014488203451037407,-0.001155675738118589,0.000761092989705503,-0.002006022958084941,-0.0025884683709591627,-0.000361888378392905,0.0020371011923998594,0.0009082375327125192,-0.0002692435518838465,0.002417236100882292,0.0021699147764593363,-0.0009133443236351013,-5.335956666385755e-05,7.623173587489873e-05,-0.0020722493063658476,0.0007801703177392483,0.0005571381188929081,-0.0012907488271594048,0.0015907712513580918,-1.1609308785409667e-05,0.004358585923910141,-0.0015935550909489393,0.0020639472641050816,0.0005709398537874222,0.0037896353751420975,-0.0005945783341303468,-0.0006886497139930725,0.0005713222781196237,-0.0026581422425806522,0.0021717483177781105,-0.003765403525903821
-0.0019636861979961395,0.0002743129152804613,-0.002018821192905307,0.0018201930215582252,-0.0017357912147417665,0.0003941741306334734,0.00021902425214648247,-0.0012791845947504044,-0.0004905933747068048,0.0012767810840159655,-0.00010560387454461306,-0.00222041760571301,0.0006423257873393595,0.00015062795137055218,9.426521501154639e-06,-0.0018061373848468065,0.00011857999197673053,-0.0017344981897622347,-0.0002513322979211807,0.0007267252658493817,0.000665738363750279,-0.0009328920277766883,2.0845234757871367e-05,0.0008737541502341628,0.0011276992736384273,-0.0007785522611811757,-0.0022352428641170263,-0.0007359238225035369,-0.0019211769104003906,-0.0014906724682077765,0.0022557980846613646,0.0004139888915233314,-0.0008186081540770829,0.0012564888456836343,-0.0008255763095803559,-0.0007233719807118177,-0.0004990319139324129,0.0018745462875813246,0.0026914728805422783,-0.0012452549999579787,-0.0013094994938001037,-1.0462198588356841e-05,0.002458196831867099,0.0010271630017086864,0.0004709452041424811,-0.0008135584066621959,0.0016256325179710984,0.000856242433656007,0.00046436284901574254,-0.002201804658398032,-0.00010113117605214939,-0.00047646407620050013,0.0017857445636764169,0.0009328452870249748,-9.515984129393473e-05,0.0018285248661413789,0.0012905753683298826,0.0013547500129789114,-0.0011321458732709289,-0.0010315444087609649,0.0016377083957195282,0.0010547084966674447,0.0007834596326574683,-0.0015625826781615615,0.0016300485003739595,0.0026972696650773287,0.0014216590207070112,0.0016400518361479044,0.0023850391153246164,0.0009226395050063729,0.0027997593861073256,0.0030703824013471603,-0.002131697256118059,0.0014859620714560151,0.0017237361753359437,-0.0001437617465853691,-0.0011625585611909628,-0.0022406396456062794,0.0015722069656476378,0.002036991296336055,0.00018758777878247201,0.003184750210493803,0.0004252691869623959,0.0008861363166943192,0.0011461080284789205,-0.0009177805040962994,0.0003598309704102576,0.0012421361170709133,-0.0007306297193281353,0.0012514034751802683,-0.0010850813705474138,0.0006235344335436821,0.0014986352762207389,-0.0012545075733214617,-0.003730699885636568,0.0009464073809795082,-0.0005726210656575859,0.0013992361491546035,0.0011745531810447574,-3.7452391552506015e-05
-0.00032466568518429995,0.0005651757819578052,0.0005203622276894748,-0.0005038764793425798,0.001685582334175706,-0.0013655941002070904,0.00027628481620922685,0.0013999962247908115,-0.0006440819706767797,-0.001305097946897149,0.0009024746250361204,0.0005760500207543373,0.0017579342238605022,-0.00024233137082774192,0.0011600148864090443,0.0019289380870759487,-0.0009793647332116961,0.0020221052691340446,0.0010449180845171213,0.0019366214983165264,-0.0007350507075898349,0.00015834149962756783,0.00022308029292616993,0.0009214418823830783,0.0004429685650393367,-0.0022511426359415054,-0.0019326249603182077,-0.0021995301358401775,0.0019212282495573163,0.00017353965085931122,9.570518886903301e-05,-0.0022266623564064503,0.0006489132065325975,0.00036438656388781965,-0.0022461069747805595,0.00049257354112342,0.00017561907588969916,-0.0009338060044683516,0.00017713496345095336,5.330126077751629e-05,0.00038967261207289994,-3.782928979489952e-05,0.00046859143185429275,0.00038720114389434457,-0.0007390707614831626,-0.0003051520907320082,-0.00016236711235251278,0.0010276028187945485,0.0022692186757922173,-0.00023282725305762142,-0.0019617024809122086,-0.0002639688609633595,0.0010460077319294214,0.0005317825125530362,0.0010442605707794428,-0.0011200816370546818,-4.069162969244644e-05,0.0009256319608539343,-0.0012253460008651018,-0.001701083267107606,-0.0020923910196870565,-0.0014871963066980243,-0.001945820520631969,0.0014552323846146464,0.0011703874915838242,0.0008105167071335018,-0.0003415866813156754,-0.0009415165986865759,-0.00036059762351214886,0.0013866788940504193,0.000378090247977525,0.0004036947793792933,-0.0028991319704800844,0.0017462285468354821,-0.002711365232244134,0.000325669621815905,-0.0005724239163100719,0.0017365103121846914,-0.0019232335034757853,-0.0012141724582761526,0.0016929754056036472,-0.0005676738219335675,0.0008528109174221754,-0.00032832694705575705,0.0004115669580642134,-0.0007122156675904989,0.0022828076034784317,0.0004505020333454013,2.0144403606536798e-05,0.00022631594038102776,0.000976746203377843,-0.0005819092621095479,0.002545993309468031,0.0008126229513436556,0.000167656980920583,0.0013001979095861316,0.0013784646289423108,-0.0012005894677713513,-0.0003869590873364359,9.62677063398587e-07
-0.0023234402760863304,-0.001262559206224978,-0.0013010597322136164,-0.00047718791756778955,-0.001716861966997385,-0.0004310837248340249,0.001442943001165986,-0.000669302127789706,-0.00065447180531919,-0.002292401622980833,0.0011477111838757992,-0.0004356222052592784,0.0013191078323870897,0.001666650059632957,0.0025332008954137564,-0.001783490995876491,8.5554645920638e-05,-0.0023296463768929243,0.0005136782419867814,-0.0006146513042040169,-0.00039537122938781977,-0.000168277183547616,0.0015675737522542477,0.0009362958371639252,-0.0002791204897221178,0.0005805629189126194,0.0020970115438103676,0.0009922233875840902,-6.438499258365482e-05,0.0012325739953666925,0.0007108849240466952,0.0031562363728880882,0.001731104333885014,-9.644259080232587e-06,0.0007496362086385489,-0.0044120363891124725,0.0016915518790483475,0.001396100502461195,0.0008586103795096278,0.000513443723320961,0.0026475456543266773,0.0003573828435037285,0.0017974283546209335,-0.000380572717403993,0.0013955776812508702,0.0005595367401838303,-0.0024978341534733772,0.0016386810457333922,0.0004929449642077088,0.0014645656337961555,-0.00046313341590575874,-0.002244129776954651,0.000684309983626008,9.302828402724117e-05,-0.0013583987019956112,0.0002983572194352746,-0.0013297866098582745,0.00027076032711192966,-0.00035719270817935467,-0.0022920863702893257,-0.0009177441243082285,0.0003996478917542845,-0.00119059591088444,-0.0034632168244570494,0.0018374890787526965,-6.574892904609442e-05,-0.00069411750882864,0.0012238495983183384,-0.001673723105341196,0.0006638673366978765,-0.0018262038938701153,0.0006499740993604064,-0.0009528643568046391,7.444943184964359e-05,0.000858792569488287,0.0005188529612496495,0.00012977504229638726,0.0003283122496213764,-0.0012485325569286942,-0.0006092234398238361,-0.001686431816779077,8.321910172526259e-06,-0.0028326220344752073,-0.00025029867538250983,-1.9289345800643787e-05,0.001485989079810679,-0.0001604844437679276,-0.00014902687689755112,-0.0012441737344488502,0.000805022194981575,-0.0012177020544186234,-0.000682775629684329,-0.0003631491563282907,-5.952037463430315e-05,-0.0007285198662430048,2.4055181711446494e-05,-5.995608808007091e-05,-0.0026117288507521152,0.0005087614990770817,-0.0005126482574269176
-9.365158621221781e-05,-0.0025361806619912386,-0.0012361487606540322,4.190320396446623e-05,-0.0007996235508471727,0.00014076282968744636,0.0004963615210726857,-0.00020540934929158539,0.0016271733911707997,-0.0020005672704428434,-0.00353240012191236,0.0017820700304582715,0.002773837186396122,0.00020257603318896145,0.00030442842398770154,-0.001016372349113226,0.0015386053128167987,0.0009311483008787036,-0.0013142053503543139,0.00046877091517671943,-0.00044289848301559687,-0.00027553862310014665,-0.0008216847199946642,0.000301782856695354,0.000611250230576843,-0.0013280580751597881,-0.0007799820741638541,0.0014236550778150558,0.0016275487141683698,7.434521830873564e-05,0.00027866580057889223,-0.0007558936486020684,0.0017897223588079214,-0.0010872532147914171,-0.0003239872748963535,0.0019127215491607785,0.001104865805245936,0.002199987880885601,0.0006124894716776907,-0.0009766980074346066,-0.0002747576218098402,0.0005230788374319673,0.0024872561916708946,-0.0008848046418279409,0.0017668027430772781,0.0017293404089286923,0.001875119749456644,-0.0018595802830532193,-0.00018106508650816977,0.00012700549268629402,0.00032363436184823513,-0.0013590597081929445,-0.0008120451238937676,0.00030415350920520723,0.0019291125936433673,0.0004824271018151194,0.001268136315047741,0.0019480966730043292,-0.0001243721490027383,-0.002051856368780136,-0.0020985875744372606,0.0008040948305279016,-0.0004138628428336233,-0.00011128559708595276,-0.0004458686162251979,-0.0002574106038082391,-0.0018678685883060098,-0.0006077444413676858,-0.0024074488319456577,-0.0009100938914343715,0.003627616912126541,0.0016291161300614476,0.0002330940042156726,-0.0003854230453725904,-0.0009554361458867788,-0.0007186710136011243,0.0018116426654160023,-0.0019266108283773065,-0.0008633696706965566,0.0013589949812740088,0.0009191760327666998,-0.0015115728601813316,-1.8530990928411484e-05,0.0007016508025117218,-0.0018395102815702558,-0.0004406167718116194,-0.002179850824177265,0.00025754852686077356,-0.0003184812667313963,-0.0013855218421667814,-0.0022162727545946836,0.0013409086968749762,0.0007637758390046656,0.00039891767664812505,-0.0020961612462997437,0.003803566098213196,0.0005034451023675501,0.0024062038864940405,-0.0016502207145094872,0.00026089834864251316
-0.0027365535497665405,-0.0005701130139641464,-0.00034655333729460835,0.001200590981170535,-0.0004552224709186703,-0.00038490467704832554,-0.0019310131901875138,1.9016768419533037e-05,0.0027403398416936398,0.00230969930998981,-0.0007388819358311594,0.0021240226924419403,0.0018011234933510423,-0.00366075336933136,0.0028493013232946396,0.00016674557991791517,0.0007082544034346938,6.391201168298721e-06,-0.002988191554322839,-0.0003169214469380677,2.3659318685531616e-05,0.0005965712480247021,-0.0027510395739227533,-0.004126520361751318,-0.003281882032752037,-0.00145167694427073,0.00019672485359478742,0.0015644535887986422,0.001053514308296144,-0.0016060646157711744,-0.00016112966113723814,-0.0009538743761368096,0.0019994217436760664,-0.0002745823876466602,0.0006439151475206017,-0.000698263116646558,-0.001479873200878501,0.00010121120430994779,-0.0011258209124207497,0.0017353498842567205,-0.000120560682262294,0.0006084863562136889,0.0028872445691376925,0.0003708644362632185,0.002139780204743147,-0.0014036953216418624,-0.0014441125094890594,-0.00031620427034795284,-0.002645915374159813,-0.001888552331365645,-0.001184922643005848,0.00013431596744339913,0.0026249804068356752,0.0023860596120357513,-0.0012975367717444897,0.0012430459028109908,-0.0008598060230724514,0.0008486785227432847,-0.002494018990546465,0.0031843192409723997,0.0011742545757442713,0.0012554675340652466,-0.0003311647451482713,0.0025120433419942856,0.002021488733589649,0.0012773328926414251,0.000869803479872644,-0.001469451584853232,-6.0155765822855756e-05,-0.0024507080670446157,-0.002848843578249216,-0.001186128007248044,-0.0011562922736629844,0.002885457593947649,-0.0023048913571983576,-0.0020256931893527508,0.0008591071818955243,0.0008302218047901988,0.0009100096067413688,-0.0009228935232385993,-0.002340038074180484,0.0014258153969421983,-0.0003641757066361606,0.0020099375396966934,0.0019129866268485785,-0.0003886126505676657,0.001231301692314446,0.00025648740120232105,-8.273245475720614e-05,0.0011189270298928022,0.0020241092424839735,0.0018900405848398805,0.0025220047682523727,0.0007602309924550354,0.0006992056732997298,-0.002148647326976061,0.001384001225233078,0.00206244015134871,0.0012525006895884871,-0.003212080104276538
0.0020511953625828028,0.0009321477846242487,0.0005867674481123686,-0.0012088726507499814,-0.00048160014557652175,0.0010544355027377605,0.0013703258009627461,4.961995728081092e-05,0.0002883146808017045,-0.0013927762629464269,0.000641537131741643,0.0017413942841812968,-0.0008963724249042571,0.000811775797046721,0.0008480350952595472,0.0024670937564224005,-0.0005475477082654834,0.0006838526460342109,-0.0012205044040456414,-0.001186832902021706,0.00023837854678276926,0.00010764652688521892,-0.0022791200317442417,0.0003427957999520004,-0.002075173193588853,0.0001370460377074778,-0.0021346567664295435,-0.0002757642650976777,0.001970598241314292,-0.001183961983770132,0.0008476767688989639,0.0005163136520422995,-0.0007917310576885939,0.0028993142768740654,0.00021727493731305003,-0.0006368363392539322,0.001785753178410232,-0.0006727997679263353,-0.0017755769658833742,0.0003975190920755267,-0.00040437805000692606,0.0025557223707437515,0.0005264845676720142,-0.000904593791346997,-6.551606929861009e-05,-0.0007458679028786719,0.00011737569730030373,-0.0017767648678272963,-0.0007065609679557383,-0.0010483493097126484,0.0012082040775567293,0.000902295985724777,8.451724715996534e-05,0.0007674150401726365,0.0014051214093342423,-0.00146485713776201,-0.0007629973697476089,-0.002959435572847724,0.0013113250024616718,0.0016996480990201235,-0.002009220188483596,-0.0003203687956556678,0.0006283921538852155,0.00124194601085037,0.001738088671118021,0.0014932905323803425,-0.0012774962233379483,0.00037517372402362525,0.002366468543186784,-6.668842979706824e-05,-0.0001366959186270833,5.7476489018881693e-05,0.0006890667718835175,0.00040354489465244114,-0.001941267866641283,0.0014201528392732143,6.65590850985609e-05,0.00020640893490053713,-0.0013018680037930608,0.0013178937369957566,-0.00018642196664586663,0.0008493944769725204,0.0016007203375920653,0.0030937709379941225,-0.0007442135829478502,0.00018988661759067327,0.001953509170562029,0.0002574247482698411,-0.0005236282595433295,-0.0006508990772999823,0.0015133782289922237,0.00020958298409823328,-0.0005083929281681776,-8.339066698681563e-05,-0.0011891816975548863,0.0012546753278002143,0.0006825221935287118,-1.9313978555146605e-05,-0.001404011738486588,-0.0004592622572090477
0.0015935358824208379,0.00015767166041769087,6.471676169894636e-05,0.0001645128068048507,0.0016829818487167358,-0.0006436323747038841,-0.0002501917479094118,-0.0016562602249905467,0.00030914132366888225,-0.0016796146519482136,0.001123592839576304,6.19393540546298e-05,0.0009886372135952115,0.00017939586541615427,0.0026570111513137817,0.0005012314068153501,0.0006174128502607346,0.0016153139295056462,-0.0012678300263360143,0.0005530188209377229,-7.699446723563597e-05,0.0013385977363213897,-0.0005718123866245151,-0.000346307730069384,3.085237767663784e-05,-0.001025076606310904,-0.0004944357788190246,-0.0020018762443214655,-7.256293883983744e-06,-0.00021473984816111624,-0.00032272477983497083,0.00046163375372998416,-0.0012904814211651683,6.145458883111132e-06,-0.0007296707481145859,-0.00103455048520118,0.0011519092367962003,0.0015334185445681214,-0.0009332194458693266,-8.543911098968238e-05,0.0008933926583267748,-0.0009914976544678211,-0.0007824316853657365,0.0010506745893508196,-0.0003368346660863608,0.0005048317834734917,0.001956004649400711,0.003418184584006667,0.0007247051107697189,0.0016562518430873752,-0.0007833386189304292,-0.0010458012111485004,-0.0006175849121063948,-0.001910467748530209,-0.0009476288687437773,0.0003664800024125725,-0.0015323900151997805,0.00047948432620614767,4.676225580624305e-05,0.002339390804991126,0.0024828361347317696,0.0008813778404146433,-0.0009408900514245033,-0.001215175841934979,-0.0013660327531397343,-0.00024213366850744933,0.0012762917904183269,-0.0007938433554954827,8.322658686665818e-06,-0.0005024999263696373,-7.810496754245833e-05,0.0007861336343921721,0.0007427060627378523,0.0012957453727722168,0.0020987100433558226,-0.0008573942468501627,-0.00028850158560089767,-9.729389421408996e-05,-0.0006455148104578257,0.0025456110015511513,0.0004413098795339465,-0.0012460463913157582,-0.0006459635915234685,0.00012561408220790327,-0.00016788332141004503,-0.0010228281607851386,0.00017061061225831509,0.0008018818334676325,0.0016061401693150401,0.001356925698928535,0.00010806440695887432,0.0001249303895747289,0.001312779146246612,6.80745579302311e-05,0.0013969212304800749,0.0005257399170659482,5.436714127426967e-05,0.0005207013455219567,0.0017572775250300765,0.002130763605237007
-0.001960290828719735,-8.835922926664352e-06,0.0024289782159030437,-0.0012576014269143343,6.770994514226913e-05,0.0025127537082880735,2.4529081201762892e-05,-0.0014887932920828462,0.00011537575483089313,-0.0008501227712258697,-0.0007446951349265873,-0.003765639616176486,0.00015440458082593977,-0.0013495392631739378,0.0019727498292922974,-0.0009562689810991287,-0.00022551519214175642,0.0017016846686601639,0.001308877021074295,-0.0005521811544895172,-0.0015985078644007444,0.0028364178724586964,-0.0004552322789095342,-0.001983465626835823,-0.0017669476801529527,0.0006892089149914682,-0.0035468065179884434,0.0006959786405786872,0.0009413249790668488,0.0003258779179304838,0.0018310912419110537,0.00028621041565202177,-0.0013826899230480194,-0.0007721477304585278,0.0006687460700049996,-0.0016669012838974595,0.0005111345672048628,0.0007171947509050369,0.001779096550308168,0.0010180267272517085,0.001514177187345922,0.0003940134774893522,-0.0009759274544194341,0.002110173460096121,-0.0012390693882480264,-0.0006178553448989987,-0.0018802955746650696,0.0010232336353510618,-0.0021906718611717224,0.0013676777016371489,-0.0015606889501214027,-0.0018299274379387498,-0.002131400629878044,0.0008444408886134624,0.0009508838993497193,0.00229906989261508,0.0021741031669080257,-0.0022434527054429054,-0.0042905122973024845,-0.0015525610651820898,0.0030288498383015394,0.0028958122711628675,0.00039398507215082645,0.005359987262636423,-0.001930752070620656,-0.0002608481445349753,-0.00204700930044055,-0.0004791497776750475,0.0005618216237053275,-0.002215019194409251,0.0009908291976898909,-0.0011533887591212988,-0.0017816734034568071,-0.0002091829665005207,0.0009475548868067563,-0.0010568061843514442,0.002525627613067627,0.0005602558958344162,-0.0016625623684376478,0.0035950113087892532,-0.0034893378615379333,0.00041327672079205513,0.0009041127050295472,-0.00013181562826503068,0.0005527565954253078,0.0004599547537509352,-0.0015223680529743433,0.0011909172171726823,-3.395033854758367e-05,0.004093690309673548,0.0012929082149639726,0.00019287978648208082,0.0042039332911372185,-0.0014170717913657427,0.0023315371945500374,0.0011955612571910024,0.0006464807083830237,0.004581342451274395,0.001288550323806703,0.00010399785969639197
-0.0016915901796892285,0.0011199746513739228,0.0006785948644392192,0.0006148968241177499,0.0028029999230057,0.00131363479886204,-0.000552485988009721,0.002330981893464923,0.001068025827407837,0.0017407432897016406,-0.0008477805531583726,-0.0036049268674105406,-0.0002419472875772044,0.0015394948422908783,-0.0006095367716625333,0.0038080739323049784,-0.00034499430330470204,-0.001402776106260717,0.001687760348431766,-0.00017359018966089934,-0.001164049026556313,0.0007771128439344466,0.003695475170388818,0.000253699574386701,-0.002243832917883992,0.0009001385187730193,0.0014427348505705595,-0.00402855034917593,-0.0005343070952221751,-0.0022473272401839495,-0.00010154225310543552,-0.0012251900043338537,0.00029674850520677865,-0.002229435835033655,-0.0015206140233203769,-0.00310530886054039,0.0006216681795194745,-0.0009498692234046757,-0.0010307563934475183,0.00016049125406425446,-0.0016240375116467476,0.000428487837780267,-0.0008829492144286633,-0.001413710997439921,0.0006065607885830104,-0.00015889343922026455,0.0007774438709020615,-0.0003846295294351876,-0.0010163511615246534,-0.0020611758809536695,6.936084537301213e-05,0.0005597998388111591,-0.0009011458605527878,0.0021817628294229507,0.0008100570412352681,0.00413364777341485,0.001240630284883082,-0.002737597096711397,-0.0017397726187482476,0.0003213670279365033,-0.0022351834923028946,-0.0004855938896071166,0.0004540733352769166,0.0012162633938714862,-0.0018496757838875055,-0.0007518717320635915,-0.00131617474835366,0.0011680664028972387,-0.0032461273949593306,-0.001532146823592484,0.002107085194438696,-0.003546368330717087,-0.0011798804625868797,-0.00025293606449849904,0.0007880754419602454,0.0001648939651204273,0.00023870622680988163,0.0030508434865623713,0.0018418887630105019,0.002287276554852724,0.001747752889059484,-0.0014442133251577616,-0.0010501338401809335,-0.002194416942074895,0.0002757369074970484,-0.0024105727206915617,0.0006717608193866909,0.00069157883990556,0.0002412083267699927,0.0005451369215734303,-0.0008186572231352329,-0.0019452983979135752,0.0005883144913241267,0.0008049277821555734,-0.00026137399254366755,0.001551311113871634,0.00312500330619514,0.0006445346516557038,-0.00048374576726928353,0.0015595080330967903
0.00010962886153720319,-0.0016484740190207958,-0.0008598033455200493,-0.00023790186969563365,0.00011667717626551166,-0.00220701121725142,0.0032377031166106462,-0.00029059677035547793,0.00125923752784729,0.0006482288590632379,-0.0010808369843289256,-0.00016507341933902353,0.00040148672997020185,0.0005089500336907804,0.004679922480136156,-0.00029461566009558737,-0.0010029800469055772,-0.0018540223827585578,-0.0025494324509054422,-0.005051272455602884,-0.0036054428201168776,0.0002757609763648361,0.00018929399084299803,0.0046148039400577545,0.0009454493992961943,0.0015370814362540841,0.0006124732899479568,0.00025400277809239924,0.0009076947462745011,-0.00043036314309574664,0.00014843519602436572,0.0022260043770074844,0.0030840737745165825,-0.0014419611543416977,-0.0015651743160560727,0.002281883032992482,0.00489678792655468,0.0034986615646630526,-0.0025422468315809965,0.0028456670697778463,0.001284693949855864,-0.003192259930074215,0.002998334588482976,7.309031207114458e-05,-0.0029883466195315123,0.0006355109508149326,-0.0023012824822217226,0.0011958570685237646,-0.0007056196336634457,0.005054166074842215,-0.004124409053474665,-0.004884126130491495,5.3675612434744835e-06,-0.0037905992940068245,0.00036508709308691323,-0.005742564797401428,0.00286683882586658,-0.0004196496738586575,0.0026102105621248484,0.0027430125046521425,2.3469105144613422e-05,0.0022205431014299393,-5.271428744890727e-05,0.0002234527637483552,-0.0029814355075359344,0.001319576520472765,-0.001983016962185502,-0.0009729736484587193,0.0014278058661147952,-0.0025534816086292267,-0.00015163642819970846,0.0020430025178939104,0.0018100632587447762,-0.0014807363040745258,0.002360821468755603,-0.003623330034315586,0.00142738688737154,-0.00030465066083706915,-0.0008922687266021967,0.00429723784327507,0.001080255606211722,-0.0030586321372538805,-0.003183066612109542,0.00023621460422873497,-0.0020182908046990633,0.0016142571112141013,0.0002734595909714699,-0.004138711374253035,0.0012651910074055195,0.0004853398131672293,0.0001848389656515792,0.00037156615871936083,0.0008171789231710136,0.0033417269587516785,3.225628097425215e-05,0.000324112392263487,0.001327165518887341,-0.0007912362925708294,-2.225705657110666e-06,0.00013804440095555037
-5.127320400788449e-05,0.001998318126425147,-0.0014383348170667887,0.0005391419399529696,0.001104974769987166,-0.0015803836286067963,0.002341579645872116,5.3866773669142276e-05,-0.0008934971992857754,-0.0023916838690638542,-0.0011477603111416101,-0.0001333484542556107,0.00014850437582936138,0.0011843815445899963,-0.0008276551379822195,-0.00048329014680348337,0.0005566829349845648,-0.0006687825080007315,0.0009450928191654384,-0.002593335695564747,-0.0026358822360634804,0.0011860649101436138,-0.003059915266931057,0.0005994095117785037,0.0015741493552923203,-0.001054362510330975,0.00027535512344911695,-0.0012603166978806257,0.001116849947720766,0.000547678442671895,-0.00047005515079945326,-0.00193392566870898,0.001650516176596284,-0.0005555754178203642,0.0001219616096932441,-0.00011139554408146068,0.0004044167581014335,-0.000435273046605289,0.003150958800688386,0.000637366552837193,5.139772838447243e-05,-0.0003091899852734059,0.00044002197682857513,-0.0010991375893354416,0.0013607717119157314,-0.0004515970649663359,0.0007371569517999887,0.0008444898994639516,-0.000755562330596149,-0.000453160289907828,0.00039139908039942384,-0.0010889586992561817,-0.0025357857812196016,0.0031323041766881943,-6.922279862919822e-05,0.0007259296253323555,0.001954509411007166,0.002287954557687044,-0.0005541411228477955,0.0005415595369413495,0.0029337438754737377,-0.003077971749007702,0.002827287884429097,0.0005478759994730353,0.0001485895918449387,-0.0011841126251965761,-0.0017542955465614796,0.002275494858622551,0.0019593380857259035,-0.0005310771521180868,0.0004617230442818254,-0.003314064582809806,0.00029288200312294066,0.0013748474884778261,0.0002842213143594563,-0.001417546416632831,-0.0008160416036844254,-0.0017667902866378427,0.0004787149664480239,0.0006555311847478151,0.0013662833953276277,0.0019619008526206017,-8.88084396137856e-05,-0.0020695668645203114,-0.0003299547825008631,-0.00012227593106217682,-0.0001518473873147741,0.001371579011902213,-0.003698327112942934,0.001081336522474885,0.0009909019572660327,-0.00143497867975384,0.0008147954358719289,-0.0003515174612402916,0.002038052538409829,-0.0006328010931611061,-0.00010488255793461576,0.0005219131708145142,0.0005582331796176732,-6.74058755976148e-05
-0.0003899617004208267,-0.00021501076116692275,0.0004000229819212109,-0.0005728502292186022,-2.249533099529799e-05,-0.0002979857090394944,0.0003418393316678703,-0.0004017600149381906,0.0005217932630330324,-0.0003011522348970175,0.0009358905372209847,7.633402128703892e-05,0.0006612337310798466,0.000609005568549037,-0.00022020308824721724,-0.00040259509114548564,0.0005208660732023418,-0.00029632553923875093,-0.000551495875697583,-0.0006464851903729141,-5.686718213837594e-05,0.0006707457941956818,0.0011676573194563389,0.0004452574939932674,-0.00021139341697562486,0.0004889144329354167,-0.0019128316780552268,-0.0017715856665745378,-0.0008672241237945855,-0.001457742415368557,0.0012489496730268002,0.000629597227089107,-0.0019711689092218876,0.0009857317199930549,-0.0017436201451346278,-0.0013670251937583089,-7.78386602178216e-05,-3.297858711448498e-05,-0.0015546079957857728,0.0009564681095071137,-0.001832125592045486,0.0004378097946755588,0.00019738476839847863,0.0012171679409220815,-0.0011106139281764627,-0.0002765543176792562,0.0016111329896375537,0.0006282143876887858,7.106691919034347e-05,-0.0002995619724970311,0.00014513572386931628,0.00029305112548172474,0.0006563976057805121,0.0015503282193094492,0.0005701261688955128,-0.0009377783862873912,8.392960444325581e-05,-0.00040726171573624015,-0.00015422631986439228,-5.0462036597309634e-05,0.001008138176985085,-0.0009733620099723339,0.0021131737157702446,-0.00037259995588101447,-0.0003030399384442717,-0.00022021283803042024,-0.00041167010203935206,0.0009527508518658578,-0.00031411167583428323,0.0006765585276298225,0.001623785705305636,0.0009750797180458903,-0.0010379605228081346,6.493997352663428e-05,0.0009436295367777348,-0.0009683251846581697,1.6539872376597486e-05,-0.00038086925633251667,-0.0006107047665864229,-3.9168779039755464e-05,-0.0007122717215679586,-0.0013330610236153007,0.00033520537544973195,0.0008482996490783989,-0.0003075087151955813,0.0009896039264276624,-0.00035105241113342345,0.00034541342756710947,-0.0004456308379303664,0.00013932892761658877,0.0015267353737726808,0.0003692899481393397,-0.00022956624161452055,0.0008267052471637726,0.0009313100017607212,-0.0008109472109936178,0.00213539763353765,-0.00010299176210537553,-0.00034989495179615915,0.0011332425056025386
-0.0016838297015056014,-0.00010932570148725063,-0.00015244277892634273,-0.0011108811013400555,0.00015124352648854256,0.0009093221160583198,-0.0012805894948542118,0.0005694206920452416,-0.000824377522803843,-0.0010120219085365534,-0.0013212893391028047,-0.0005950964987277985,0.0010647099697962403,0.00046363502042368054,-0.0015429132618010044,0.000715811678674072,0.0014196466654539108,0.0003014611138496548,-0.0003924691991414875,-0.00018910737708210945,-0.001289499457925558,-1.578915362188127e-05,-0.0005588980857282877,-0.0011102616554126143,0.0012940516462549567,-0.0006146858213469386,-0.0006332032498903573,0.0003274619812145829,-0.0006766700535081327,-0.0005814909236505628,0.00027888634940609336,0.0014954919461160898,-0.0010343693429604173,0.0016139799263328314,0.0021035654935985804,0.0001764827611623332,0.00039334630127996206,0.0013555764453485608,0.0006018791464157403,0.0003313006891403347,1.8737266145762987e-05,-0.00034262705594301224,0.00041999181848950684,-0.00019923655781894922,0.0010460361372679472,-4.7681030991952866e-05,-0.0006939478334970772,-0.0005725677474401891,0.0014130639610812068,0.00046280850074253976,0.0002246203803224489,-0.0002509028709027916,-0.000660253397654742,-0.0009821911808103323,0.0006346766022033989,-0.000246594165218994,-0.0009198561310768127,-0.0006295215571299195,-0.0004299047286622226,0.002068498870357871,-0.001681419205851853,0.0013344301842153072,-0.0003125089278910309,-0.001017082016915083,-0.00037781408173032105,-0.0006861945148557425,0.0006525331409648061,0.0011458771768957376,-0.0009739520610310137,0.0009176080930046737,-0.00013660159311257303,0.0010806637583300471,-0.001415329985320568,0.0003823389997705817,-0.0006272094324231148,-0.0002634807024151087,-0.0017754005966708064,0.0014415555633604527,0.00012787216110154986,-0.0039037258829921484,-0.00015244852693285793,-0.0004518163332249969,-0.0007933888700790703,-0.00048254444845952094,-0.0003367342287674546,3.2683943572919816e-05,-0.00072771857958287,-0.0006471496890299022,-0.0007108146091923118,0.00018383799761068076,0.0013097281334921718,-0.0013354282127693295,0.00030646336381323636,0.00018172217824030668,-0.0015726644778624177,-0.0009473787504248321,-0.0006958495359867811,0.00018298970826435834,0.0013542150845751166,0.0011802753433585167
0.000515652762260288,3.8005640817573294e-05,0.00024879875127226114,-0.000412329682148993,-8.04244882601779e-06,0.002787961857393384,0.0002378959470661357,-0.0011866926215589046,-0.0008837289642542601,0.000735165027435869,-0.0007288235356099904,-0.00176607770845294,4.4652741053141654e-05,-0.0006877070991322398,0.001331038074567914,-0.0013944157399237156,0.001345901284366846,0.0018099916633218527,0.001042221556417644,-0.0017019757069647312,0.0011608593631535769,-0.0005338653572835028,-0.0005319702904671431,0.0005897436058148742,0.0020098527893424034,-0.0009007060434669256,-0.0009544392232783139,4.238521432853304e-05,-0.0015136589063331485,-0.001080940943211317,0.0004754222754854709,-0.0007666838355362415,0.0003608250408433378,0.0011530396295711398,-0.0004230608174111694,0.0011913878843188286,0.0006456243572756648,-0.0012116547441110015,-0.0009985388023778796,-0.0033949678763747215,-0.00018097383144777268,-0.0005877077928744256,0.001460059080272913,-0.00031314665102399886,0.0001802339102141559,-0.00041135938954539597,0.0007036371971480548,0.0009843646548688412,-0.0005446390714496374,-0.0017147058388218284,-0.000237252505030483,0.000639051606412977,0.00212669069878757,0.0026424373500049114,-0.0007369648665189743,0.0006513481494039297,-0.002872185781598091,0.0010908790864050388,-0.001809366513043642,0.0011537601239979267,-5.7903194829123095e-05,0.0011021146783605218,0.000601127976551652,0.001153802964836359,0.002687591128051281,-0.0007916335598565638,-0.0011764420196413994,-0.001245383289642632,0.0009470596560277045,0.0015920193400233984,-0.0025072835851460695,-0.0016315364046022296,0.00107967562507838,-0.0005707989912480116,-0.0007123982068151236,0.0011533484794199467,0.0013318968703970313,0.0009736879146657884,-0.0006325728609226644,0.0006769829196855426,0.0016214108327403665,-0.00024669923004694283,-0.00019268033793196082,-0.0006569529068656266,0.0006456452538259327,-0.00010307994671165943,-0.0008816391928121448,-9.183437214232981e-05,-0.0016490647103637457,0.001759540755301714,-0.0012648358242586255,-0.0008031131001189351,0.0013069952838122845,-0.0009205552632920444,0.0018465479370206594,0.0001955394836841151,-0.00038876995677128434,-0.0007747662020847201,0.0022784771863371134,0.0018120850436389446
-0.0008895403589121997,-0.0004253737279213965,-0.0007274156669154763,-0.00037399973371066153,-6.0492959164548665e-05,-0.001653577433899045,-0.0017308351816609502,2.5737283067428507e-05,0.0017548168543726206,0.00039622027543373406,-0.0004339492879807949,0.0008965259185060859,0.0020776467863470316,0.001052768318913877,0.00027587139629758894,-0.0006680657970719039,0.0023273013066500425,-0.002194404834881425,0.0011029483284801245,0.004407643806189299,0.00279438984580338,0.0008434398914687335,0.00313018262386322,0.0011811688309535384,-3.4560947824502364e-05,0.0010309993522241712,-0.0006472834502346814,0.004026444163173437,0.0002916030935011804,-0.00038315082201734185,0.001271819812245667,0.002158090239390731,-0.0006588288233615458,-0.0005271416157484055,0.0022249603644013405,-0.0016728185582906008,0.0021431532222777605,0.00015116050781216472,0.002151999156922102,-0.002517507877200842,-0.0031425917986780405,0.0005288658430799842,0.0011324038496240973,0.003374925348907709,-0.0033723285887390375,-0.001335754757747054,0.0007971212035045028,0.000544417358469218,0.0013700398849323392,-0.0012646245304495096,-0.002377607161179185,0.0012150293914601207,-0.0008317379979416728,-0.0005145540344528854,1.84730834007496e-05,0.0007274973322637379,-0.0003801420971285552,0.0009179346961900592,-0.0014657726278528571,-0.0017071260372176766,0.00015768036246299744,-0.00032898224890232086,0.00045932867215014994,0.0011883400147780776,0.0013674056390300393,-0.00020274586859159172,-0.0003752430493477732,0.0005443618865683675,0.0010889529949054122,0.0005999968270771205,0.0006164240767247975,2.4555567506467924e-05,0.0005221865721978247,0.000935549265705049,-0.000768134428653866,0.00025497088790871203,-0.002386183012276888,-0.00041143904672935605,0.00011389834253350273,0.0029084435664117336,0.0006112462724559009,0.0008835257031023502,-0.0009250623406842351,0.0010039270855486393,0.0014486424624919891,0.0028903656639158726,-0.0007109840516932309,-0.0005356468027457595,0.00171163200866431,0.0008870721212588251,-0.0006628173287026584,-0.001283925143070519,0.0004053845477756113,0.00019167546997778118,-0.0017550245393067598,-0.0027837269008159637,-0.0007814163691364229,-0.00030535500263795257,-0.0018177939346060157,0.0027507911436259747
-0.0018802298000082374,-0.0033819004893302917,0.002444622805342078,-0.001664949581027031,-0.00025870910030789673,0.0006800183327868581,-1.8948156139231287e-05,-6.904653128003702e-05,0.00027150270761922,0.0010367779759690166,0.000847389514092356,0.0010528599377721548,0.000735873356461525,-0.001302324584685266,0.001158294384367764,-0.0012397076934576035,0.0018099213484674692,-0.0006052841199561954,0.00023545490694232285,-0.00031451680115424097,0.0029361669439822435,-0.0006583674112334847,0.0013206189032644033,-0.0003176389145664871,0.00023447474814020097,-0.000621457991655916,-0.0003828736371360719,0.00019957411859650165,0.00037256377981975675,0.003040165873244405,0.0018045249162241817,-0.0009955286514014006,-0.0004304824979044497,-0.0009481726447120309,-0.001094890758395195,0.0003857651900034398,0.0030436585657298565,-0.000215752370422706,0.0004905410460196435,0.0006490788655355573,-0.001037291600368917,-0.00038642430445179343,-0.0016598496586084366,-0.003032202599570155,0.0005440668319351971,-0.0012808460742235184,0.0015474160900339484,-0.0013530197320505977,0.0005837093340232968,0.0011818751227110624,0.0011926090810447931,0.002849118085578084,-0.0002119950659107417,0.00032749687670730054,-0.0007509695715270936,-0.0003736353828571737,0.0028296655509620905,-0.002864355454221368,-0.00011932307825190946,-0.0005210342933423817,-0.0005894303903914988,0.0021814987994730473,-0.00046761109842918813,0.0006193523877300322,0.0002355273609282449,-0.0009243349777534604,-0.0005790673894807696,-7.719267159700394e-05,0.0014327636454254389,0.0023429025895893574,0.001731356605887413,-0.0009123407653532922,0.00022900554176885635,-0.001268000341951847,-0.001174388686195016,0.0003247821587137878,0.003994485829025507,-0.00020875681366305798,-0.0007307507330551744,0.0015859354753047228,-0.0016461735358461738,-0.0007867355016060174,0.00045175524428486824,-0.0017262472538277507,-0.0005685497890226543,-0.0015248256968334317,0.002708478132262826,0.0021030560601502657,0.001878376817330718,0.00042796559864655137,-0.0010958435013890266,-0.0024553316179662943,0.0008028456941246986,0.0012493269750848413,0.0005695662694051862,-0.0019095175666734576,-0.0017525044968351722,0.0016170255839824677,0.0013782477471977472,0.001381480018608272
0.00047137323417700827,-0.0002585403562989086,-0.000999579788185656,0.0014500089455395937,-0.0006554959691129625,-0.0013677743263542652,-0.0011022086255252361,-0.0005733267171308398,0.00037295924266800284,-0.0010643559508025646,0.0019961290527135134,-0.00030686671379953623,0.0008816191111691296,8.226108184317127e-05,0.0013452278217300773,-0.0006219292408786714,-2.2478892788058147e-05,0.0003732232435140759,-0.0007370796520262957,0.0009663500241003931,0.0004458684124983847,-0.0014393427409231663,-1.515282565378584e-05,-0.002624866086989641,0.0015486478805541992,0.00027358706574887037,-0.002314535900950432,0.0005927176680415869,-0.00037341867573559284,-0.0008930654148571193,-0.0020246291533112526,-0.0001849787513492629,-0.0004931145813316107,-0.001180577790364623,-0.0037716026417911053,0.0017137684626504779,-0.002720268676057458,0.0009534816490486264,0.001188908820040524,-5.8279914810555056e-05,-0.0011591209331527352,-0.00032376497983932495,-0.0003344217548146844,-0.0003191315336152911,0.0007002644706517458,-0.0013002674095332623,0.00042957806726917624,0.0018545283237472177,0.000624180946033448,-0.0007930007996037602,0.0015247289557009935,0.002344158012419939,0.0007229440961964428,0.0005766956601291895,0.0018963116453960538,-0.0003967514494433999,0.0010259809205308557,0.0025955112650990486,-0.002448397222906351,0.0013143792748451233,-0.0020206798799335957,-0.0012759617529809475,-0.0014106250600889325,-0.0009990367107093334,-7.039730553515255e-05,-0.00037860614247620106,0.002657761797308922,0.0009711080347187817,-0.000315577897708863,-0.0028020429890602827,0.00015742663526907563,0.0034929465036839247,-0.002122136764228344,0.00039191788528114557,0.0009761707042343915,0.0007673761574551463,0.000263247755356133,-0.0017849302385002375,6.163932266645133e-05,0.001291949301958084,-6.54272735118866e-05,-0.0003302728582639247,0.0017462869873270392,0.0005961084389127791,-0.00126489601098001,-0.001076770480722189,-1.962762326002121e-07,0.00039736213511787355,0.0014967485330998898,-0.0015294902259483933,-0.0014771368587389588,-0.0017830460565164685,0.00039321836084127426,0.0010771089000627398,-0.00040813733357936144,-0.0012384166475385427,0.00010977658530464396,0.0006942183244973421,-0.0006724495906382799,-0.0006734920898452401
0.002508508274331689,0.0004428817774169147,0.00019015496945939958,-0.0011971526546403766,0.0001510631846031174,-0.0005199101287871599,-0.0017101876437664032,0.0006367568275891244,-8.722690836293623e-05,0.0009244698449037969,0.0011732620187103748,0.000261685490841046,0.0007023279904387891,1.6329715435858816e-05,0.0005257231532596052,-0.0014475048519670963,-0.0011443118564784527,-0.001500573824159801,-0.0017374533927068114,0.002245479729026556,0.0016524310922250152,-0.0005314912414178252,0.00023566697200294584,-0.0018131659599021077,-0.0003386292955838144,0.0009179877233691514,0.0013075214810669422,0.0005976937827654183,-0.0020503962878137827,0.0012408015318214893,0.0003756524238269776,0.0016727042384445667,0.0007901601493358612,-0.0006522397161461413,-0.0016403774498030543,6.221208604983985e-05,-0.00026637435075826943,-0.0022568106651306152,-0.000677831529174,0.0021434961818158627,0.0011020655510947108,-0.0017609967617318034,-0.00038249249337241054,-0.00040915168938227,0.0003301897959318012,-0.0014331069542095065,-0.0006342544802464545,-0.0005088881007395685,-0.000294537196168676,0.0007768350187689066,0.0007228818139992654,-0.0013028205139562488,-0.0003510393435135484,0.002478362061083317,-0.00013415403373073786,-0.001098756561987102,0.0018536593997851014,-0.0030134236440062523,0.001345186261460185,0.0003515726129990071,-0.0013032081769779325,0.0017230082303285599,0.0036299258936196566,-0.00010496151662664488,0.0003002842713613063,0.001033234759233892,-5.520112972590141e-05,0.0006283291731961071,0.000553812482394278,0.0015508778160437942,-0.0018469251226633787,-0.0015105389757081866,-0.000394534959923476,0.00019347168563399464,0.001056517125107348,0.0003875478287227452,-0.0012033096281811595,0.0010662421118468046,-0.00015674755559302866,0.001053503598086536,-0.0017356238095089793,4.149046435486525e-05,0.0013994473265483975,0.0006753381458111107,-0.0016714998055249453,-0.0009060196462087333,-0.0015075484989210963,-0.0002750856219790876,-0.0009266527486033738,0.002741897711530328,-0.0014434725744649768,-0.0019447830272838473,0.00020287460938561708,0.0018358274828642607,-0.0010810040403157473,0.00035937438951805234,-0.0015480746515095234,-0.0005944401491433382,-0.0008031363249756396,-0.0008897434454411268
-0.00022283616999629885,0.00030284858075901866,-0.0005690018297173083,0.0004650788614526391,0.0016619053203612566,-9.351280459668487e-05,-0.0003660073271021247,-0.001059511792846024,-0.00014369575364980847,0.0009425150929018855,0.0007240560953505337,0.000897512654773891,-0.0007893600850366056,-0.0009449382778257132,0.00012689971481449902,-0.00043375196401029825,-0.0006462975288741291,0.0012178733013570309,0.0005867793806828558,0.0003039859002456069,0.0008225791389122605,-0.0011691874824464321,-0.0005455596838146448,-0.0020355703309178352,0.0008891820907592773,0.0024288815911859274,-0.000948769913520664,0.0008024723501875997,0.0007785362540744245,-0.0002452103071846068,5.440885797725059e-05,0.0009143845527432859,-0.0001590188912814483,0.0007387843215838075,-0.0008772965520620346,-0.001115758903324604,0.0021925042383372784,-0.00045546379988081753,-0.0008698980091139674,-0.001092944061383605,0.00010161504906136543,0.0020526195876300335,0.000510038691572845,-0.0015217008767649531,0.0010377515573054552,-0.0022192809265106916,4.366940265754238e-05,0.00034496214357204735,0.0014908297453075647,0.00016792256792541593,-0.0002682014601305127,-0.0009882559534162283,-0.0006881844601593912,0.001229330082423985,-0.0007998692453838885,-0.00021702414960600436,0.0016555270412936807,-0.0006944499909877777,0.0003948278317693621,-0.001003626617603004,0.0005513958167284727,0.0017422963865101337,0.00014772763825021684,0.0004291175864636898,0.002513997256755829,0.0015778261004015803,0.0005031194887124002,-0.0018273311434313655,4.3267740693408996e-05,0.00040014361729845405,-0.000826154020614922,-0.00077527214307338,0.000764999131206423,1.7107393432524987e-05,0.00047628121683374047,0.0008697515586391091,-0.0013668457977473736,6.0266171203693375e-05,0.0008666576468385756,0.001456245081499219,0.0002723552461247891,-0.0017504296265542507,0.0013052535941824317,0.0013018643949180841,-0.00160771154332906,0.0009017210104502738,0.0011344070080667734,-0.000769594800658524,0.0007827043300494552,0.0007457869942300022,-0.001098218490369618,-9.823495929595083e-05,0.001679605687968433,-0.0012986984802410007,0.0010584810515865684,6.857288826722652e-05,-0.0010363358305767179,0.0008312871214002371,0.0006483898032456636,1.2354889804555569e-05
-0.0017992607317864895,0.0020646420307457447,0.0004914451856166124,-0.0007167044677771628,-0.0012595407897606492,-0.00115236546844244,0.0009441629517823458,-0.003123205853626132,-0.0010273059597238898,0.0004295888647902757,0.0009915395639836788,-0.0010504184756428003,0.0005945859011262655,0.00131587206851691,-0.0006097832228988409,-0.0006708577275276184,-0.0007434349972754717,0.0009471552912145853,-0.0022938295733183622,-3.766821464523673e-05,0.0011050048051401973,0.002928175264969468,0.0004455376765690744,-0.0003656335175037384,0.0010516148759052157,0.0014098535757511854,0.0014355808962136507,-0.0005519141559489071,0.0014657187275588512,0.0017387347761541605,-0.000899692066013813,0.0026327327359467745,0.00018517437274567783,0.0008260960457846522,-0.0016102351946756244,-0.0012468709610402584,0.0018840932752937078,-0.00011154884850839153,0.0010432671988382936,0.002249182900413871,0.0019644401036202908,-0.0005581628647632897,-0.001380230882205069,0.0018348818412050605,-0.0013555185869336128,-0.001050007063895464,-0.0032378071919083595,0.0005160764558240771,0.001373844686895609,0.0008543831063434482,-0.002316433936357498,-0.0013192109763622284,-0.0006792944623157382,0.0034664804115891457,-0.0006636457401327789,-0.0016890163533389568,-0.003551292233169079,0.002085381420329213,-0.0024772165343165398,-0.0009826717432588339,0.0028594841714948416,-0.0021300530061125755,-0.0015112566761672497,0.000764204072766006,0.0006043373141437769,0.0005125054740346968,0.0005129968049004674,-0.0019519614288583398,-0.0008851839229464531,0.0024698576889932156,0.0007508709677495062,-0.0003827882756013423,-0.000837404397316277,5.723494541598484e-05,0.0020662364549934864,-0.0002560751745477319,0.0008065677247941494,-0.00014807718980591744,0.0006124570500105619,0.0009419509442523122,0.0026129228062927723,0.0008751606219448149,-0.0012055322295054793,-0.000990708009339869,0.0014973708894103765,-0.0004791902028955519,0.0009552693809382617,0.0004742548626381904,0.00030851599876768887,-0.0025464079808443785,-0.0020727282389998436,0.0015588284004479647,0.0012326834257692099,-0.0006471591186709702,-0.0014997479738667607,0.001130386139266193,0.0008360237698070705,-0.002497474430128932,-0.0010987217538058758,0.0008277375600300729
0.0015935358824208379,0.00015767166041769087,6.471676169894636e-05,0.0001645128068048507,0.0016829818487167358,-0.0006436323747038841,-0.0002501917479094118,-0.0016562602249905467,0.00030914132366888225,-0.0016796146519482136,0.001123592839576304,6.19393540546298e-05,0.0009886372135952115,0.00017939586541615427,0.0026570111513137817,0.0005012314068153501,0.0006174128502607346,0.0016153139295056462,-0.0012678300263360143,0.0005530188209377229,-7.699446723563597e-05,0.0013385977363213897,-0.0005718123866245151,-0.000346307730069384,3.085237767663784e-05,-0.001025076606310904,-0.0004944357788190246,-0.0020018762443214655,-7.256293883983744e-06,-0.00021473984816111624,-0.00032272477983497083,0.00046163375372998416,-0.0012904814211651683,6.145458883111132e-06,-0.0007296707481145859,-0.00103455048520118,0.0011519092367962003,0.0015334185445681214,-0.0009332194458693266,-8.543911098968238e-05,0.0008933926583267748,-0.0009914976544678211,-0.0007824316853657365,0.0010506745893508196,-0.0003368346660863608,0.0005048317834734917,0.001956004649400711,0.003418184584006667,0.0007247051107697189,0.0016562518430873752,-0.0007833386189304292,-0.0010458012111485004,-0.0006175849121063948,-0.001910467748530209,-0.0009476288687437773,0.0003664800024125725,-0.0015323900151997805,0.00047948432620614767,4.676225580624305e-05,0.002339390804991126,0.0024828361347317696,0.0008813778404146433,-0.0009408900514245033,-0.001215175841934979,-0.0013660327531397343,-0.00024213366850744933,0.0012762917904183269,-0.0007938433554954827,8.322658686665818e-06,-0.0005024999263696373,-7.810496754245833e-05,0.0007861336343921721,0.0007427060627378523,0.0012957453727722168,0.0020987100433558226,-0.0008573942468501627,-0.00028850158560089767,-9.729389421408996e-05,-0.0006455148104578257,0.0025456110015511513,0.0004413098795339465,-0.0012460463913157582,-0.0006459635915234685,0.00012561408220790327,-0.00016788332141004503,-0.0010228281607851386,0.00017061061225831509,0.0008018818334676325,0.0016061401693150401,0.001356925698928535,0.00010806440695887432,0.0001249303895747289,0.001312779146246612,6.80745579302311e-05,0.0013969212304800749,0.0005257399170659482,5.436714127426967e-05,0.0005207013455219567,0.0017572775250300765,0.002130763605237007
7.85734664532356e-06,-0.00018997467122972012,0.0006604644586332142,0.0004742968885693699,-0.0014704536879435182,-0.001651545288041234,0.001357330591417849,-0.0014381997752934694,0.002503910567611456,0.0012157745659351349,0.0016907203244045377,-0.00034170327126048505,0.0009423033916391432,0.0008376281475648284,-2.3955781216500327e-05,-0.0011783774243667722,-0.0001894836750579998,-0.0015086550265550613,-0.00156690482981503,0.0003264489641878754,-0.0013538943603634834,-0.0003202052030246705,-0.00024534077965654433,-4.322576933191158e-05,0.0017899940721690655,0.0011042465921491385,-0.000966975640039891,-0.00038336438592523336,0.0013579585356637836,-0.00015951042587403208,-0.00019130660803057253,0.0008149512577801943,-0.0011947526363655925,-0.002158333081752062,-7.391058170469478e-05,-0.001708784606307745,0.0033372065518051386,-0.0003535040596034378,-0.0008736393065191805,0.0005887395236641169,0.0008441729005426168,-0.000658741279039532,-0.001138769555836916,-0.0004686341853812337,0.0017412141896784306,0.0010429109679535031,-0.00011384214303689077,-0.000697266950737685,-0.0016741983126848936,-0.00010936934995697811,-0.0005327004473656416,0.00010293032391928136,-0.0010751622030511498,0.001829476561397314,-0.0018358263187110424,0.0011763257207348943,-0.002707022475078702,-0.0011653575347736478,-0.0014618020504713058,-0.00018213292059954256,0.000648986897431314,-0.0021923824679106474,-0.0008168179192580283,-0.0020664704497903585,-0.0006567604141309857,0.0004629292234312743,-0.0005344116943888366,-0.0017265971982851624,6.464961916208267e-05,-0.0011039436794817448,0.0016444585053250194,-0.0008208201616071165,-0.0030612291302531958,-0.0013686501188203692,-0.0007975143962539732,-0.00235606636852026,-0.0011394846951588988,-0.0009516699356026947,-0.00027600498287938535,-0.0005689267418347299,-0.0006408574408851564,0.0005836015334352851,-0.002234172308817506,0.0022037385497242212,0.00011264520435361192,-0.00011644603364402428,0.00019122762023471296,-0.0007281893631443381,-0.00011783924855990335,-0.0012485719053074718,0.00040888049989007413,-0.001048640231601894,-0.0007849286776036024,-0.0007596368086524308,0.002152325352653861,-1.1018139048246667e-05,0.001294430228881538,-0.0002640501770656556,-0.0012439709389582276,0.0017221830785274506
